[-0.6382394  -0.31822537  0.63834631  0.44498769  0.15604444  0.08333295
 -0.25029382  0.53540767 -0.33059382  0.5464237   0.53365847 -0.08566353
  0.38453161  0.42484375 -0.45077769  0.22203983  0.6616239   0.67048405
 -0.01362076 -0.14959721][-0.09738108 -0.06136186 -0.04793017  0.08341188 -0.00197525 -0.04685344
 -0.03648213 -0.05089926 -0.04859538  0.04446316 -0.0204386   0.00712493
 -0.05674972  0.04998417 -0.04305703  0.02330199  0.09787619 -0.09488417
  0.08440223 -0.05234544][ 0.01492722  0.07691272  0.05963739  0.05445397 -0.0106162   0.09979884
 -0.0491054  -0.032655    0.0120651  -0.07914862  0.08615083 -0.02526674
 -0.01017982 -0.07471303  0.08135794  0.09034114 -0.05752848 -0.05715722
 -0.06334921  0.05398658][-0.00057025 -0.09909929 -0.01907544  0.05708338  0.08211555 -0.08030255
  0.0334265   0.03486418  0.10223958 -0.09756068  0.04015587  0.09034867
 -0.03863728  0.08924116 -0.04629658 -0.08217563  0.05611174 -0.09500086
  0.00193315 -0.08113355][ 0.11852457  0.00032407 -0.05320791 -0.07096288  0.07336137  0.00513906
  0.06589296  0.00807973 -0.01712588 -0.01962255 -0.00313076 -0.07256596
 -0.04869841 -0.05370336 -0.09328188  0.08398887  0.0805508   0.03874243
  0.00881765  0.09100713][ 0.04513316  0.05456035 -0.09763152 -0.02709192 -0.09376603  0.02278415
 -0.05615739 -0.06917413  0.04065948 -0.06410571 -0.06700282  0.08828258
 -0.08020883  0.07572493 -0.04948683 -0.08536284  0.05916682 -0.01002239
 -0.0210271  -0.09241882][-0.10848143  0.00629545 -0.08782481  0.02539711 -0.0229178  -0.08262203
  0.08936558 -0.03484001  0.05118874 -0.07846882 -0.09889737  0.07996755
 -0.00033691  0.01794527  0.01404254 -0.07797215  0.07456395 -0.03458779
  0.03888287  0.02992411][-0.08025384  0.02359889 -0.03843986 -0.01512876  0.07812925 -0.02031255
  0.06191718 -0.03198136 -0.11527553 -0.05417017 -0.02705439  0.05521939
  0.02869223 -0.04295624  0.06637235 -0.05129694  0.02232969  0.07527579
 -0.01260281  0.05484185][ 0.07465581 -0.0689539   0.00072756  0.0341028  -0.05614536  0.06315366
  0.02758077  0.0129813  -0.05555142  0.07086393  0.08281618 -0.07213596
 -0.04405858  0.07603591 -0.07166801 -0.05164033  0.09991956  0.02900907
 -0.07812935 -0.08884663][-0.09628863  0.09772173  0.02751344 -0.08236781 -0.0902724  -0.00137037
 -0.06309998 -0.07282587  0.01053355  0.0078995  -0.10599974  0.02100791
 -0.04445158  0.02263992  0.08747862 -0.0035437  -0.01675643  0.09521308
  0.04245851  0.023287  ][-0.03515717  0.01517607  0.03085816  0.01289259 -0.0892862  -0.03086531
 -0.01955036 -0.00318196  0.01918027  0.03272417  0.02909316  0.04414547
  0.07187693  0.07631836 -0.06962809  0.03264382  0.01951301  0.031439
 -0.09604919  0.0891543 ][ 0.01941184 -0.04387869  0.08626512  0.06043242  0.01781688 -0.08208339
  0.10568604  0.00320452  0.06432899  0.04607395  0.06772462 -0.01283072
 -0.0995158   0.07679913 -0.09202267 -0.04652195  0.0644892   0.06569871
  0.04136797  0.04433515][-0.00613342  0.03833431  0.04378014  0.1030242   0.0157566   0.09537367
  0.09919516  0.09877627 -0.01097513  0.08576461 -0.04264794 -0.09120826
 -0.10762823 -0.02727151  0.0903704  -0.00944752  0.08670365 -0.02751744
 -0.07122783 -0.0705026 ][-0.00790024 -0.04262702 -0.0332956   0.00072193 -0.09263625  0.01690797
  0.00696857  0.0300449  -0.05957727  0.01543754 -0.05018411 -0.06267621
 -0.029209    0.06221927 -0.06363577 -0.05608551  0.04309442  0.01995482
 -0.10374091 -0.06761733][-0.00386207 -0.07958813  0.00436698  0.09400039 -0.05330695 -0.06946078
  0.05688636 -0.05909424 -0.05105508 -0.05554169 -0.00433723  0.02285074
 -0.08152058  0.06343688  0.09809647 -0.08517039 -0.06769352  0.08954899
  0.07138143  0.02293856][ 0.00794244 -0.05863672 -0.00763642 -0.02127831 -0.00051599  0.01628034
  0.08515323 -0.04882047 -0.04201766 -0.07103223  0.07479198  0.04245331
 -0.0973746  -0.03425164  0.05370556  0.09613923  0.05201879  0.07872543
  0.06664845 -0.05089913][ 0.02135921 -0.08016252 -0.10010879 -0.07226901  0.06760546 -0.01012707
 -0.07650653  0.02571519 -0.05214614 -0.00133924 -0.00827778  0.08558244
 -0.04134441 -0.06737653  0.02383094 -0.07896609 -0.02778303 -0.05470784
 -0.00063027  0.00272927][-0.01367436 -0.02484158  0.06179275  0.07077371 -0.00757923  0.01390453
 -0.0502313   0.09837986 -0.04677765  0.05614675  0.00311453  0.03251043
 -0.0186261  -0.0673609  -0.09820948 -0.03618657  0.00395785  0.00946546
  0.00183647  0.04818006][ 0.08161843  0.07890175  0.01081742 -0.03534574  0.04109375  0.07416342
 -0.09495984  0.09183178  0.09712963 -0.07461049  0.06209197  0.05763122
  0.08578303  0.00218116 -0.03744287 -0.07314887  0.05183788  0.01051632
  0.00880899  0.07517669][-0.04976728 -0.08584767  0.06367612  0.05396233  0.0579816   0.01015141
 -0.06625428 -0.07349332  0.00063683 -0.00925926  0.09988086  0.09502401
  0.019608    0.0694037   0.0561018   0.00438006  0.00383573  0.00826519
 -0.06959297  0.06298724][ 0.06112452  0.00065529  0.0062205   0.06152426 -0.06636838 -0.07382281
  0.07377559  0.05104585 -0.02012511 -0.05250747  0.09103026 -0.01522673
  0.06818252 -0.04457929  0.06578439 -0.02487987 -0.03775684  0.02647896
  0.06085901  0.08394229][ 0.09523481 -0.07876426  0.04625294  0.08713376  0.00656069 -0.02265457
 -0.05963444  0.08165851 -0.06604791 -0.09530298 -0.05317588 -0.03767477
 -0.02205383 -0.06875188  0.0428827  -0.0628271   0.06896568  0.01905719
 -0.0522071   0.08847074][-0.01137618 -0.07583278 -0.00739019  0.04569897 -0.07803933  0.10545338
 -0.03085811  0.03617966 -0.09281431  0.04188053 -0.08293601 -0.03296818
 -0.00489353 -0.07914308 -0.05024173 -0.03222531  0.0912735   0.03699781
  0.10292984 -0.03557547][-0.09877878 -0.09800147 -0.08718708  0.09339842  0.09672196  0.08810931
 -0.03190108 -0.01066519 -0.00781943  0.07566188 -0.00141191 -0.0879743
 -0.07826079  0.00178685 -0.01192283  0.03650477  0.09112425  0.0535137
  0.0959107  -0.08455596][-5.14903787e-05  3.39423871e-03 -6.24435362e-02 -3.32085012e-03
  9.82197313e-02  8.19585304e-02 -2.08507986e-02 -5.68241581e-02
  6.66977034e-02 -3.41119588e-02  4.47062081e-02  2.34017447e-02
 -4.49114893e-02 -1.23446944e-04 -8.28720092e-02  3.84999327e-03
  2.03004176e-02  9.55584720e-02  6.80744022e-02 -6.60040072e-02][-0.01130479  0.02345264  0.07149693  0.04636306  0.08201073 -0.0173858
  0.01730577 -0.08202394 -0.03517481 -0.0063391   0.08152608  0.10104322
 -0.06988619  0.05947129 -0.00786055 -0.09757183  0.09928157  0.04274174
 -0.06058435 -0.06930231][ 0.06941954 -0.07136683 -0.0648445   0.04630381 -0.0943521   0.07992013
 -0.06443963  0.08210955  0.07908441 -0.0142412  -0.00244022 -0.08631985
 -0.07759134  0.06014567  0.01100526  0.0920773  -0.06101985 -0.07644263
 -0.03799604  0.08712822][ 0.00772812 -0.06545893 -0.0458962  -0.00923826  0.01949298  0.08755188
  0.08043277 -0.0007419  -0.04661785 -0.08754457 -0.02984624 -0.06715119
 -0.08570417 -0.02100976 -0.0258961  -0.05734891  0.04661924  0.04422035
 -0.06753048  0.07584257][-0.00399447  0.05459705 -0.08574894  0.07631469 -0.00044029 -0.0051015
 -0.02003301 -0.0987991  -0.05549379 -0.06955106  0.07861766  0.08513747
  0.08370348  0.01834043  0.08324796 -0.05140303 -0.10455835  0.04869825
 -0.04578084  0.02227748][-0.01856031  0.01413406 -0.09143876 -0.04786268 -0.034282    0.05792085
  0.07668794  0.00903706 -0.08885036  0.0722753  -0.00900866 -0.09956408
 -0.05889476 -0.09232322 -0.05108584 -0.09493832  0.04771254  0.0975421
  0.0412515   0.06130268][-0.11068552  0.07156801  0.00903021 -0.0849966  -0.084814    0.10188371
  0.02197759  0.045085   -0.05555327 -0.06726899 -0.08180542  0.00068549
  0.02674883 -0.00892216  0.08662006 -0.00427437 -0.02195518  0.08738856
  0.07552585  0.04811345][-1.11164959e-01  8.56206071e-02  1.12928016e-02 -1.66148702e-02
 -3.78844939e-02 -2.73386498e-02 -7.59554549e-02 -2.50842288e-02
 -5.14488286e-02  2.08054058e-05 -2.84855255e-02 -1.02416133e-01
  2.76126094e-02 -1.00396379e-01  5.24523218e-02  3.60667667e-02
 -7.14018976e-03  2.07545361e-02  1.28180816e-02 -9.07914223e-02][-0.05805658  0.06643421  0.05578513 -0.05955532 -0.09963064  0.05349765
  0.04293378  0.02469698  0.06572351 -0.09320363 -0.05781574 -0.07776665
 -0.08130379 -0.0544797  -0.06273654  0.06619107  0.02127188 -0.00679537
  0.01162153 -0.02742706][ 0.05590188  0.10177293  0.08000509  0.0770813   0.01194892  0.07266457
  0.05242329  0.08503588 -0.09242319 -0.03993104  0.07877289 -0.00895242
  0.06105972 -0.03909504 -0.03606499  0.0984121   0.10306047  0.0893273
 -0.05397159  0.02317184][ 0.04149059  0.09308346  0.08098908 -0.04642424 -0.07881841  0.06608453
 -0.01039172 -0.02309806  0.00068155  0.09436194  0.08471025 -0.02432786
  0.00875043 -0.03583408 -0.06160266  0.02851374  0.01605597  0.09555377
 -0.03694465 -0.00993886][ 0.02075493 -0.06254122 -0.0251931   0.06710239 -0.06982778 -0.0277498
 -0.04021277 -0.00084462 -0.0021049   0.08466518  0.04631148  0.08429193
 -0.0552526   0.04832263  0.01044397  0.09071229 -0.02444324 -0.04299417
 -0.05806013  0.00044857][-0.0426313  -0.04170626  0.02339657  0.0983823  -0.0405482   0.11239545
 -0.02111707 -0.01671602  0.02616283  0.00484182 -0.01145245  0.02775235
 -0.10683315 -0.03413445  0.06821102  0.11274963 -0.00185313  0.08590505
 -0.02645486 -0.10027192][ 0.08205954  0.03751177  0.03675402  0.10687995  0.00168069  0.08655677
  0.03066362 -0.01888737 -0.09157074  0.0346163   0.05194173 -0.10749118
 -0.02489171 -0.06495625 -0.04931168  0.02846043 -0.03405319  0.04653188
 -0.08042412 -0.07598647][-0.092026   -0.01896382 -0.06759239  0.09845079  0.05037487 -0.0134117
 -0.04562714 -0.00072944  0.00345682  0.00880863  0.06675409  0.00794202
 -0.00868178 -0.07796405  0.01438153 -0.0762296   0.01635441  0.08624388
 -0.07252321 -0.04026319][-0.03670643 -0.00684729 -0.05524881 -0.07040904 -0.06615695  0.01697863
 -0.01798994  0.06219264 -0.01568297  0.08087404  0.04299998 -0.04546494
 -0.00448549 -0.02588079  0.06762566  0.00642011  0.05384673 -0.01660388
  0.07995581 -0.06730742][ 0.00300969  0.00457726  0.07518942 -0.02214733  0.0078268  -0.09309268
  0.05259072  0.08112989  0.06264385 -0.04644915  0.05639345 -0.02871748
 -0.02703819 -0.03424408 -0.00669055  0.09808059 -0.03588566  0.08796966
  0.02954009  0.04210335][-0.12693513 -0.05949142 -0.00823031  0.08530316 -0.04330618 -0.06444989
 -0.08197922  0.02327284  0.03437931  0.08529239 -0.03592854  0.06310932
 -0.08447059  0.06595766  0.00396299  0.0036549   0.06762032 -0.04721415
  0.01069501 -0.03195718][ 0.01235781  0.03452674  0.09345725 -0.00967981 -0.0005627  -0.10099835
 -0.09118686  0.04341344  0.04122472 -0.07316842 -0.04447303  0.05189117
  0.03882821 -0.07194991  0.02505623  0.03225601 -0.06883612  0.07241531
 -0.06424625 -0.06757038][ 0.01190454  0.02545763 -0.03597731 -0.05094084 -0.0098341   0.0448613
  0.05869683  0.10235916 -0.07761638 -0.02521328  0.06757088  0.06467895
 -0.02173612  0.08491421 -0.0933163   0.00911051 -0.09839812 -0.03261652
  0.05291274 -0.04510269][ 0.05183781 -0.08402482  0.03438262 -0.07225419 -0.04910062  0.07600713
  0.0305256   0.00873581  0.10230832 -0.04867348  0.10699605 -0.00725083
  0.0934683  -0.07803971 -0.06461314  0.05116632 -0.02601302  0.00381892
  0.04957705  0.02749071][-0.05577006 -0.09838075 -0.02900863  0.07996994 -0.00734272  0.04704141
 -0.01615969  0.06737289  0.09639408 -0.00443514 -0.06293579 -0.03680227
  0.02928028 -0.03944039  0.10059634  0.00422055 -0.09892642  0.06944013
  0.08848056 -0.07031108][ 0.04859276  0.08389082  0.08790896  0.09424919  0.05600858  0.10129496
 -0.08727063 -0.01658405 -0.09637062 -0.03311229  0.04679497  0.03067223
  0.03429118  0.09402477  0.09313945 -0.06518128 -0.0076795   0.08766878
  0.03534786  0.00876715][ 0.00734645  0.07530332  0.08815401 -0.00124731  0.07145318  0.07260602
 -0.04487509  0.00100155 -0.08131539 -0.00455538  0.05457626  0.06860598
 -0.06050903  0.07079406 -0.01021728 -0.08321832  0.0673345   0.00829817
 -0.06287657 -0.06137807][ 0.03318755 -0.05964653 -0.08651801 -0.02632616  0.0251272  -0.09221451
  0.05409489 -0.06825449 -0.10199269 -0.01330913 -0.09033352  0.07605565
 -0.10587424 -0.06997744  0.00264025  0.03044792  0.05452544  0.01747118
  0.00691061 -0.00751656][-0.01248251  0.03131687  0.04986201  0.03051354  0.01871207 -0.06672802
 -0.02222099  0.07435617  0.07926717 -0.04849906 -0.09917277 -0.00024622
 -0.03019332  0.01852804  0.00658854 -0.03649554 -0.06823169 -0.05417322
  0.0529224  -0.10423794][ 0.02887321 -0.04023379 -0.02180324  0.0272941  -0.01741668 -0.06644783
  0.07491906  0.03667017 -0.1177095   0.06861873  0.00491622 -0.1153361
 -0.00809587  0.02172081  0.05578478  0.04375886  0.05512518  0.03933365
  0.02287282  0.07264752][ 0.04143008 -0.07293111  0.01552792  0.07075259 -0.07310394 -0.0685291
  0.0768669   0.00940034  0.09208874 -0.03531219 -0.06026837 -0.09851181
 -0.08130987  0.05408797  0.02543396 -0.03611497  0.09016162 -0.09582571
  0.0796403   0.02571864][ 0.04122953  0.08035526  0.01874762 -0.00114382  0.06712361  0.0701734
 -0.04652367  0.04241738  0.07564145  0.084849   -0.10235104  0.00459462
 -0.00023882  0.02168195 -0.09745666 -0.08340176 -0.007635    0.06350224
  0.0483436  -0.04690781][ 0.03252414 -0.05663505 -0.00704559 -0.0111572  -0.00370196 -0.07498442
  0.04165461  0.00215875  0.03019385  0.05508016  0.0854408   0.01909849
  0.01542815  0.00820023  0.07644695  0.02840879  0.07418084 -0.0795064
 -0.05739727 -0.00389508][ 0.0708883  -0.03899706  0.07919386  0.06039412 -0.01343516  0.05342146
 -0.02419015 -0.06395298 -0.09076896  0.01010379  0.02038137  0.0272105
  0.08238399  0.09589569 -0.0239758  -0.00559742 -0.09324434 -0.00433785
 -0.03582917 -0.04073099][ 0.04815097  0.1132074   0.05282025 -0.0128418   0.05630738 -0.09259682
 -0.08317857  0.04632111 -0.10280039  0.05656112  0.02996577 -0.02279002
 -0.02356918 -0.03842701 -0.06506911  0.03991627  0.00419929 -0.01403803
 -0.01290685 -0.02678078][-0.10796382 -0.03937032 -0.09366824 -0.02338543  0.06052465 -0.03147188
  0.03201131 -0.04727291 -0.04876726  0.02241596 -0.03350824  0.07305479
 -0.09821685 -0.09957182 -0.07649545  0.0522422   0.03807393  0.09822627
  0.05345889 -0.03907173][-0.09593971  0.01196373 -0.10070951 -0.01676664 -0.02916921  0.02913966
  0.00221154  0.00044135 -0.01236218  0.08972355  0.08524076  0.05299663
  0.08023388  0.05140018  0.06868822 -0.015643   -0.04005561 -0.05876817
 -0.06561373  0.04921657][-0.02678668  0.06607257 -0.09127256  0.02245333 -0.1059905  -0.06143658
  0.03390903  0.01409909 -0.01322667  0.05178335  0.0256438  -0.04231308
 -0.08175547 -0.02085447  0.03333618 -0.02087245  0.05913538 -0.03939533
 -0.06564958 -0.00647439][-0.04978667  0.04736919 -0.0715759   0.07183739 -0.0797864   0.0468951
 -0.041561   -0.01779565 -0.01839176 -0.03021021  0.0670448   0.05516899
 -0.04512432 -0.01232932  0.03502972 -0.0523709   0.02573183  0.0546379
  0.07140627  0.08655895][-4.39010875e-02 -3.86941433e-02 -7.00812255e-02  5.45251715e-02
  4.70440400e-04 -3.80294523e-02  1.01206870e-01 -3.00695446e-02
  6.13394455e-02  7.28910185e-02  1.32432053e-02 -6.64888930e-02
 -1.00594628e-01 -8.76688528e-03  6.74868697e-02 -6.69030312e-05
  1.03458402e-01  4.90575496e-02 -5.42007215e-02 -9.95038554e-02][-0.0842933  -0.06515331  0.07569014  0.07885233  0.01365566  0.00633465
 -0.05888834  0.07567379 -0.02576533  0.00324996 -0.04295838 -0.09326431
  0.03036951 -0.01790278 -0.04500641  0.08661114  0.10693685 -0.04505174
  0.04317356 -0.05050407][-0.01769654  0.0055841  -0.06188443 -0.02922831 -0.05291095 -0.01816864
 -0.01328231  0.07202369 -0.0784479  -0.0554767  -0.0854468  -0.04907437
  0.06668441  0.08843356 -0.051855   -0.00710784  0.06485214  0.08463276
  0.10484381 -0.05016549][-0.06003621  0.03046425  0.00043217 -0.07114623  0.07740609  0.06793284
  0.07153969  0.08718792 -0.09035334 -0.07864925 -0.04145788  0.06320768
 -0.09399259  0.03835265  0.08810888  0.00853189 -0.05124389 -0.00136597
  0.04732233  0.03437238][ 0.05061092  0.07399752  0.01683992 -0.05993887 -0.06835654 -0.02221936
 -0.0861181  -0.04557997  0.0667452  -0.05320214  0.03421117 -0.03279203
  0.00910986  0.08016163 -0.04802937 -0.03892416 -0.00530313 -0.04938269
 -0.07199906  0.09208625][ 0.02082168  0.06013119  0.02736778  0.07195529 -0.06647468 -0.0212271
  0.02306874  0.09515978 -0.01254766 -0.0026873   0.04880854  0.04796697
 -0.08988545  0.06947671 -0.0895284  -0.02716237  0.0029746   0.09300727
  0.10823219 -0.08312267][ 0.00994094  0.05628448 -0.07085298  0.05579623 -0.07210416 -0.03550613
 -0.06635857  0.05769414  0.03615396 -0.01865277  0.09235762 -0.02417834
  0.01126466 -0.09412744 -0.0932151  -0.02404328 -0.02653313 -0.01870719
  0.06845462 -0.09671344][ 0.02232175  0.10103712 -0.08715884 -0.06831736 -0.09664848  0.10529584
 -0.0828564   0.01220178 -0.03928532  0.09400007  0.08792535 -0.02398543
 -0.08750485  0.08643259  0.04633048 -0.09338208 -0.05939903 -0.02719671
 -0.07308468  0.06675297][ 0.06912997  0.09801436  0.08231257  0.06942845 -0.03162856 -0.02396738
 -0.06342534  0.05328591 -0.02809028 -0.04665696  0.04959934 -0.01423806
  0.08140185  0.01738413  0.06402334 -0.08776191 -0.08242832  0.02491906
 -0.05343546  0.022881  ][ 0.09138823 -0.04058691  0.02881056 -0.07127014 -0.03429444  0.01707102
 -0.07681681  0.10225561  0.02928571 -0.09274157  0.0274824  -0.078847
 -0.00955175 -0.06430398 -0.0714603   0.05427871 -0.04199057 -0.00151984
  0.07995336 -0.03813144][-0.01099382 -0.04858146  0.09300127 -0.00077755  0.09701764  0.04843941
  0.01679752  0.09497485  0.02204802  0.08778505 -0.08849879  0.06401927
  0.04151498  0.07636135 -0.07058067 -0.09045546 -0.05967135  0.07444277
  0.00894612 -0.06339391][ 0.03509501 -0.05133787  0.0515944   0.08923773  0.03397844 -0.07142114
 -0.01205064 -0.00156096  0.07199915  0.0765877   0.03324531 -0.00772091
 -0.01371073  0.09054155  0.07549646 -0.05296568 -0.02036128  0.08746349
  0.0199766   0.07945024][ 0.05520965  0.06823493 -0.04603692  0.05650727  0.09762836  0.06729156
  0.00403797  0.11815066  0.01455617  0.10253468  0.00613411 -0.10005787
 -0.00707087  0.04836688 -0.10387531  0.01622649  0.01360152  0.06108653
 -0.06647645 -0.07619083][-0.09337083  0.05358447 -0.06026133 -0.01793816 -0.05552977 -0.01200382
 -0.05260537  0.02467491  0.09547058  0.04307423 -0.0442298  -0.03774783
 -0.07797712 -0.01089189  0.06230816  0.0084658   0.01321554  0.05453499
 -0.09549012 -0.01754313][-0.05830399  0.03951488  0.03686575 -0.08469729 -0.09109292 -0.03011579
 -0.01313984 -0.03661223 -0.10073376 -0.04007321 -0.03287516 -0.04118706
 -0.0248613   0.03335103 -0.05653949  0.07640639 -0.06901989  0.06783891
  0.05214634  0.00623231][ 0.02956262  0.01011166  0.09902488 -0.09928019  0.02923412 -0.05704715
 -0.02982522 -0.1025321   0.08030909  0.01225283  0.06101924 -0.03296501
  0.05274635 -0.07497359 -0.05709836  0.01866336 -0.06827672  0.07393026
  0.07676291 -0.0654683 ][ 0.0278443  -0.01119082 -0.04070941 -0.00146277  0.03978912 -0.08953266
 -0.00038544 -0.05756971 -0.09714741  0.03320679 -0.0393654   0.06947475
  0.04603747 -0.08202111  0.04816962 -0.00861846 -0.01025192  0.02681558
 -0.05079423 -0.09253855][-0.1052736   0.02289427  0.03077703 -0.10001935  0.03248079 -0.01627412
  0.1030455  -0.03875412  0.09411999  0.09043292  0.08428344 -0.07601547
 -0.08898141  0.05405792 -0.00180686 -0.04360752 -0.07469459  0.05181958
 -0.03308086  0.06869748][ 0.01776338 -0.07262133 -0.07785849 -0.08067881 -0.04105346  0.0350247
  0.05985987  0.01616914  0.06352144 -0.06991537  0.02986248  0.00177164
  0.05209254  0.00371959 -0.07090046  0.08902245 -0.0743094   0.07613068
 -0.04625185 -0.02721628][ 0.05023754 -0.1070851  -0.0721888   0.0909988   0.02173516 -0.06788328
 -0.09213326 -0.06533224  0.04931578  0.05346769  0.07133196 -0.07949809
 -0.05714059  0.0641336  -0.05437276  0.0447777   0.02079488  0.02389837
  0.06875678 -0.07537652][-0.01526553 -0.05563835 -0.08374719 -0.09271714 -0.07421837 -0.08463908
 -0.03143893 -0.07867988 -0.07244035 -0.04669031  0.06469535 -0.08932316
  0.05375886  0.03948961  0.07882692 -0.08101008 -0.06228772 -0.00084016
  0.1066421  -0.04092617][ 0.00111678  0.01340673 -0.09111196  0.05208861  0.03243504  0.06528521
  0.04386478  0.02704184  0.067473   -0.07508559  0.01156831  0.04387139
  0.02264368  0.05632345  0.00437884  0.07476832  0.08895308  0.08095453
  0.01321397  0.04086618][-0.07377006  0.05894621 -0.0881968  -0.08946845 -0.09627369 -0.06483289
  0.03966918  0.02362154  0.00173797 -0.04747491 -0.03220635  0.07549162
  0.02272128 -0.07758843  0.08829554 -0.07978588 -0.08754032 -0.06457681
  0.11184315  0.04484798][ 0.09076869 -0.07823007  0.06938632  0.00877024  0.00448941  0.0568118
  0.04217034 -0.02519841  0.03088241  0.09766612 -0.11057801  0.03159743
  0.03691283 -0.00698691 -0.07944719  0.09392186 -0.06272791 -0.05558507
 -0.07208157 -0.09352252][ 0.07556252  0.08565161  0.06634633 -0.01562429 -0.10285567  0.06712006
  0.04669221 -0.0863218   0.0216237   0.07467304 -0.02598396  0.07461643
  0.09345521  0.07675756  0.07766052 -0.0765963   0.07668758  0.0971467
  0.05776342  0.09415442][-0.0062294   0.09101325 -0.02826852 -0.0489543  -0.04480941  0.02136315
  0.08034284 -0.06982647 -0.05016029  0.0176759  -0.02312232 -0.02286542
 -0.0761378   0.0808539  -0.05099797  0.05886547 -0.00998529 -0.0603972
 -0.01296252 -0.01835996][-0.08918768  0.10382963  0.05595005  0.06252107  0.06913122  0.0358802
 -0.01403275  0.08405944  0.0126934  -0.00887471 -0.10393274  0.0688132
 -0.01374758  0.06698518 -0.04258926  0.07369824  0.08667535  0.08520095
 -0.03733332 -0.08651848][ 0.03267956  0.02874429  0.01945533  0.00891398 -0.09484499  0.05841488
  0.0254623   0.00606211  0.06206693  0.03801551 -0.08750384 -0.03112558
 -0.07606967 -0.0427452   0.050744   -0.03155991  0.00594654 -0.0980873
  0.0559499  -0.02933493][ 0.01741158  0.04308778 -0.05659725  0.05023048 -0.10165005  0.00470957
 -0.03862482  0.02554386 -0.03726019 -0.08837755  0.01122287  0.05861882
  0.03876759  0.05765238  0.0964748   0.07923673  0.04168619  0.05884494
 -0.06627348  0.00405477][ 0.11188629  0.01389811 -0.0871675   0.0211163  -0.09451807  0.06277279
 -0.02976078  0.05356389 -0.03059911 -0.07041358 -0.05157834 -0.06853915
 -0.06783163  0.02290058 -0.03512953 -0.03410821 -0.09271714 -0.0233683
  0.03371293  0.08092706][ 0.00399662  0.0630537  -0.02004209  0.08679125  0.0396635  -0.0224021
 -0.08644822 -0.08352418 -0.10397008 -0.02024576  0.05754665  0.05315841
  0.03136461 -0.06677881 -0.06956769 -0.04193858 -0.04175163  0.04815132
  0.05384012  0.02108826][-0.04821794 -0.02201695  0.07417852 -0.05506619  0.00560805  0.05274489
 -0.06262013 -0.02582862 -0.09028754 -0.03076492  0.02946255 -0.05652765
 -0.03414441  0.02696136  0.07934314 -0.07751619 -0.03023559 -0.06117375
 -0.07278829 -0.09390204][ 0.0719399   0.05110856  0.06567564  0.00517135 -0.00686025  0.0181058
  0.07980012  0.04255256 -0.01183609 -0.06959836 -0.08969055 -0.06323884
  0.03695782  0.02230146  0.07103696 -0.0453788   0.0433999   0.07961972
 -0.04134299  0.0874029 ][-0.07465876 -0.00130798  0.01388003 -0.08063931 -0.01910917  0.02025506
  0.07459935 -0.06628349 -0.11171041  0.05737438 -0.10701718  0.05899903
 -0.07415407 -0.0038819   0.05445001 -0.03053487  0.05688903  0.01711205
  0.08475742 -0.06380674][-0.11816524  0.1004791   0.03303346  0.07091587 -0.00448758  0.07456431
  0.11314709  0.12007708 -0.05752231 -0.07738551 -0.08712797 -0.00136943
 -0.11765339  0.0013739  -0.08309325 -0.06373191  0.03241863 -0.07860714
  0.02010544 -0.08383094][-0.06321426 -0.02285705  0.08124063  0.07742121  0.00199758 -0.06903339
  0.0013348  -0.03284227 -0.00556058 -0.07231186  0.01880559  0.05693279
 -0.07013762  0.05692875 -0.01432988 -0.0029634   0.0538472   0.08648713
  0.09557528 -0.01959697][-0.02093426 -0.03596814  0.09190842 -0.06261894  0.02987894  0.03153242
  0.01714174 -0.09238344 -0.0813536   0.03633541  0.03728956 -0.10884874
 -0.0799714  -0.09355669  0.01664502 -0.02106109 -0.03925516 -0.08144036
  0.02951989  0.0570858 ][-0.01748866 -0.04486647 -0.0102454   0.00838562  0.07672708  0.04558196
  0.06111817  0.09655703  0.01913522 -0.09227987 -0.04571153  0.03310258
  0.08760252 -0.0538894  -0.01087043  0.03226676  0.03723608  0.00844387
  0.07529593  0.05578358][ 0.03618744  0.07126096 -0.02063424  0.04014105  0.05855774 -0.0404797
  0.07646724  0.01335637  0.06662827  0.03559475 -0.04022932  0.06205834
 -0.02472738 -0.0882976   0.0967994   0.08757236 -0.07567919 -0.0829277
 -0.07722261  0.07188128][-0.08278794 -0.04630748 -0.00407103 -0.02172497  0.06113774 -0.05370982
  0.07505775 -0.0876165   0.08870977  0.01532796 -0.08746576 -0.05933072
  0.04127076 -0.09897868 -0.0116086  -0.07885732  0.08207073  0.02659944
 -0.06554931  0.08109571][ 0.05392938 -0.09617379 -0.05751446  0.02013221  0.06419979  0.06936236
  0.09914223 -0.09408149  0.05119687  0.00233753  0.08764329 -0.03157803
 -0.07277912 -0.07388959  0.02578885  0.09483072  0.0264369  -0.09444543
 -0.01289813  0.04701935][ 7.62239844e-02 -1.01394309e-04 -2.93727484e-02  1.55304113e-02
 -2.52599720e-02  6.90832220e-02 -8.89445295e-02  5.19413384e-03
 -6.33448849e-02 -1.73471715e-02 -6.78550234e-02 -1.06606475e-01
  4.01372515e-02 -8.65248656e-02  4.38296827e-02 -4.70747881e-02
  1.90061573e-02  3.29924808e-02  1.99597764e-02  4.22433213e-02][ 0.0555487  -0.033772   -0.05342012 -0.05984987  0.10115041 -0.0633329
 -0.09567794  0.05500853  0.03305764 -0.02824574  0.00519179  0.01298827
  0.01082256  0.07800525 -0.01219643  0.04049913 -0.0892751   0.01045884
  0.04966075  0.02247233][ 0.00516796  0.07359097 -0.07481001  0.04485272 -0.03556649 -0.07031632
  0.10127354  0.07982843 -0.00362404  0.00620577  0.05791925 -0.07929112
 -0.09596941  0.09394758  0.04331517  0.01569288 -0.01833498  0.0136705
  0.0061823   0.07884679][-0.03204579  0.10528309 -0.1019003  -0.0707101  -0.0089929   0.085613
 -0.02690407 -0.04939187 -0.09336339 -0.04506982 -0.04659407  0.03900675
  0.04374107 -0.09101714  0.00494999  0.0312038   0.10733815  0.00976589
 -0.02453516  0.06862675][ 0.08399778  0.09220571 -0.07015134  0.0771442   0.01975852 -0.02067146
 -0.01609078 -0.01780109 -0.07907365 -0.01486623 -0.09677446  0.03099295
 -0.07116549 -0.09458086 -0.03478001  0.06596546  0.04639324 -0.0105772
  0.08043057  0.01458063][ 0.08761264  0.10636437 -0.05229451 -0.02889431  0.03998734  0.08572856
 -0.04354401  0.10214858 -0.00512662  0.01282307 -0.05824178  0.05258319
 -0.099349   -0.08631243 -0.09884718  0.10507838  0.00411132 -0.08762205
  0.03588265 -0.11144257][ 0.04695024 -0.0856981   0.04438099  0.05543639 -0.01079494 -0.06252921
 -0.0304301   0.00213956 -0.00361496 -0.07172525 -0.04704908  0.07437047
  0.00788261  0.03919866 -0.07493842 -0.08323536 -0.06163448 -0.03574343
  0.0103305  -0.09804565][ 0.01618087  0.00266583 -0.06407023  0.03481286  0.07851869  0.06139409
  0.06613862  0.04479615  0.00773793  0.02792719 -0.02965404 -0.00562798
 -0.01952059 -0.00075357  0.04698991  0.11333798  0.06327644 -0.03771494
  0.09066005 -0.04392425][-0.04412113  0.04699695  0.05509554  0.01395922  0.09467926  0.06363444
  0.05688394  0.09696806 -0.03324726  0.07957022 -0.07130113  0.02567827
  0.03161524 -0.00017038 -0.06561998  0.0616328   0.08732586  0.01880212
 -0.08408991  0.05431656][ 0.05776061 -0.09451465  0.00623276  0.00726794 -0.04819348 -0.09131864
 -0.00408544 -0.09905774 -0.01065573 -0.02480862  0.05892814  0.04054074
  0.03978073  0.07976782 -0.04286777 -0.10193767  0.09597915 -0.00985194
 -0.04341542 -0.09126658][ 0.0412383  -0.0757007   0.01950738  0.08424095  0.00293501 -0.07606917
 -0.05108536 -0.03775787 -0.05965369  0.07679207 -0.00730506 -0.06234498
 -0.01792342 -0.09278234 -0.07275496  0.03313043 -0.05452744  0.09405926
 -0.03175387 -0.00609586][-0.06750617 -0.0267597  -0.01766921 -0.00388145 -0.10379429 -0.03103004
  0.0830732  -0.09026921 -0.06855746  0.09101253  0.05534087 -0.02022461
  0.03865816  0.08447924  0.01384587  0.01856914  0.01478301 -0.00890775
  0.06667538  0.01116877][ 0.08722881 -0.09024465 -0.0327886   0.01072857 -0.07691811  0.07613994
 -0.00937058  0.02098183  0.03649278 -0.06680688  0.03567176  0.06605168
 -0.05486336 -0.0340464   0.07811476  0.05143868  0.04673163  0.03079758
  0.05513017  0.06924615][-0.00948202  0.08005979 -0.09879679 -0.01120803 -0.06357492  0.10646691
  0.00294927  0.07977125 -0.11451974 -0.01946334 -0.03509501 -0.01200442
  0.03703335 -0.03955521 -0.02683339  0.06457447 -0.07574497  0.09830008
  0.03685453 -0.06207393][ 0.08336407 -0.07394384 -0.00396834 -0.01997607 -0.0763174  -0.03886025
 -0.04976992 -0.08094782  0.08503757 -0.0972102  -0.07511541 -0.05444201
 -0.07683459  0.09442557 -0.07263483 -0.04514819  0.02282554 -0.07045639
  0.03448892 -0.04544687][-0.0136487  -0.03786905 -0.0641331   0.0213882  -0.04700655 -0.00675029
  0.06903249  0.03578036 -0.02185952 -0.06152016  0.06526664 -0.07567426
 -0.10151667  0.01444297 -0.07349421 -0.06015282 -0.02454384  0.07905619
  0.08684291 -0.09145366][ 0.03575347 -0.00298238 -0.06830064  0.0704206  -0.05700379  0.08985846
 -0.00212479 -0.07243981 -0.08576654 -0.05320987  0.09126405 -0.0031702
 -0.04860989  0.00067908  0.00265318  0.00701048  0.00555003  0.09388616
 -0.01597274 -0.0807283 ][-0.07909618 -0.0513754   0.07685382 -0.07050313  0.09463659  0.04885551
  0.0424616  -0.05239318 -0.09662074 -0.01701846  0.06438578 -0.09498006
 -0.02632797 -0.08600039 -0.04165469  0.0677196  -0.04450429 -0.01763552
  0.07978674 -0.02913509][ 0.0038985  -0.07093978  0.03620899 -0.00113421 -0.02132384  0.09853513
 -0.02630468 -0.01205828 -0.09627287 -0.08699712  0.07630735 -0.01382937
  0.02222323 -0.01979509  0.0229077   0.07781975  0.03928796 -0.08773316
 -0.08934111 -0.00244628][ 0.02423682  0.02054808  0.02577925 -0.03330117 -0.09971844 -0.05996976
 -0.02150072  0.05865567 -0.03960333  0.02433525  0.00748472 -0.03988298
 -0.0921985   0.01402398 -0.07832882  0.05717562 -0.03077497 -0.02272658
 -0.05384531 -0.05006468][-0.10124529  0.07191943  0.0214694  -0.03674255 -0.07040271  0.02642912
  0.09584762  0.08006025 -0.04694374  0.08215526  0.03813569 -0.02826173
  0.0322728  -0.04890333 -0.02334648 -0.07230591 -0.08368697 -0.01688172
  0.04589634 -0.06570754][-0.05374686  0.07571281 -0.0711579   0.09639259  0.01315216 -0.04144764
 -0.0051642  -0.0442086  -0.00344988 -0.05134059  0.0488732   0.04440976
 -0.06394266  0.00558911  0.07327196 -0.01952808 -0.07794082  0.08967328
  0.01357416  0.02064554][-0.07728348  0.02515812  0.0452399   0.01152566 -0.07105225 -0.00473046
 -0.05187363 -0.01083786 -0.00667731 -0.01844156 -0.05154638  0.0345802
 -0.01461134  0.07708076  0.02928494  0.08969834  0.04573059 -0.00649121
 -0.08147584 -0.03451787][ 0.01502547 -0.02786428  0.04001643 -0.04177945  0.0252244   0.01535705
 -0.05792369  0.00296217  0.0106612   0.09217621 -0.00850513  0.03022224
 -0.06468906  0.09424676  0.03737422 -0.01374486 -0.08589013 -0.0835464
  0.04644293 -0.01648772][-0.10872812  0.10205594  0.00322791 -0.02240693 -0.0784763   0.062664
 -0.08742617  0.0956887  -0.05414568  0.08406662  0.01606846 -0.00541774
 -0.04221863  0.00694187  0.01011087  0.07674831  0.05543103  0.05606522
  0.10752372  0.02579334][-0.06954847 -0.07632655 -0.00951938 -0.05007944  0.04754996 -0.09642306
  0.02802615  0.0323556  -0.07639026 -0.05952554  0.10636459 -0.01245087
 -0.04216186 -0.0110582  -0.02151467 -0.04029229  0.05418019 -0.00199379
 -0.09171387  0.10892256][-0.02687726 -0.01491928  0.03416602  0.03967511  0.01188806  0.05831014
 -0.06539386  0.1127403  -0.02508982 -0.06198733 -0.04174498 -0.03681114
  0.06650759 -0.07880359 -0.02564381  0.10157474 -0.04576884  0.00958618
 -0.04103527 -0.09589882][ 0.0255704  -0.06737537 -0.10114732 -0.03439065 -0.08666563 -0.07814093
 -0.01282394  0.04473929 -0.0617279   0.09421693  0.06884488 -0.04285336
 -0.04849408  0.03539594 -0.00830939  0.00994594  0.06337284  0.03120626
 -0.03972928 -0.05172353][ 0.03472446  0.03088592  0.0234267  -0.10604323 -0.046761   -0.02453889
 -0.02598213  0.07935012  0.0008819   0.06513633 -0.07325845  0.00840054
 -0.03438769  0.05219714 -0.0101758   0.06100102  0.02428409 -0.09429897
 -0.09775796  0.02692485][ 0.05235917 -0.04697819  0.01480237  0.0684416  -0.00378911 -0.00702887
 -0.09215471  0.0276709  -0.05051085 -0.0809339   0.00851079 -0.04119574
 -0.01912105  0.04365714 -0.09049427 -0.08316456  0.03545739  0.09800966
 -0.07888393 -0.02036789][-0.03915648 -0.04122104  0.094623    0.00660504  0.06709917  0.03576669
 -0.07055868 -0.09134077  0.07181157  0.0035211  -0.06512159  0.00155394
  0.06548619  0.0469608  -0.0253056   0.09915507 -0.04108148  0.03265724
 -0.07747944  0.01914396][ 0.07540604  0.03444413 -0.01412456 -0.02784526 -0.0849635   0.00280705
  0.05035039  0.07780995  0.04677649  0.07562324 -0.01816629 -0.05237385
 -0.00992971  0.0543677   0.08248254 -0.00554769 -0.06938899 -0.05625948
  0.00647047  0.09090667][-0.0782057  -0.05658562  0.06981148 -0.0627017  -0.08467225 -0.0045835
 -0.0551727   0.06227498  0.01386286 -0.0404939   0.04172908 -0.09719009
  0.03911133 -0.04925964  0.02203534 -0.03509082  0.09805814 -0.05127957
  0.01785172  0.02072391][-0.01304885  0.03537989  0.00714123 -0.02036876 -0.02659028  0.07284614
  0.06457644  0.11291129  0.02560112  0.05226824 -0.02165222 -0.09560361
 -0.10184825  0.07672076 -0.08781361  0.0083278   0.00677123 -0.06013526
  0.10733956  0.05215006][ 0.09776946 -0.04409615 -0.04287924 -0.10285491  0.10446153  0.07884417
  0.10230886 -0.02367485  0.09449148  0.07686172 -0.05745898  0.10060417
  0.08812873 -0.07670841 -0.07854796 -0.03422681 -0.0371825   0.0810294
  0.06333173 -0.00972998][ 0.06045868 -0.06022061 -0.05360331 -0.00609279  0.0020396  -0.00732091
  0.08206887 -0.0213904  -0.07688737 -0.07139723 -0.04887653  0.0728594
  0.07445645  0.05407416 -0.04785927 -0.07990973 -0.01204513 -0.06746384
 -0.04186021 -0.04384379][-0.09638778  0.01263951  0.03015655 -0.05039452  0.04166936  0.03789887
 -0.08859061  0.04833274  0.01508768 -0.01652621 -0.02463357 -0.05895178
 -0.0635236   0.04258102 -0.0869196  -0.04412996  0.09603175  0.03281628
 -0.04376723 -0.0177238 ][ 0.04826467 -0.01715575  0.05159871  0.10076042 -0.01040773  0.04112558
 -0.05661993 -0.00901292 -0.09253952 -0.0803113   0.02744155 -0.10138268
 -0.05378997 -0.08765159 -0.08766142  0.04664677  0.09165852  0.0032997
  0.01427065 -0.06081115][-0.11827803  0.05829139  0.08516758  0.11095567  0.01440243 -0.06127509
  0.08012209 -0.08381584 -0.04054623  0.01215169  0.05245443 -0.09675246
 -0.08465664 -0.07855977 -0.03778168  0.02049358 -0.05456913 -0.00103646
 -0.05844742 -0.08664594][-0.0824332   0.04969582 -0.01428203  0.07185236 -0.00736389  0.00298777
 -0.02746344  0.10074088 -0.10451393  0.03541075  0.08389611 -0.10305279
 -0.09745607 -0.04920709  0.07085603 -0.00458309  0.0599169   0.07033105
 -0.00040131  0.01096802][-0.02395661 -0.00609419  0.09754297 -0.10544846  0.02801298  0.06672749
  0.07031035 -0.04948513 -0.05404443  0.0592591  -0.02935288  0.06795592
  0.09880904 -0.02885027 -0.03781484  0.04606761 -0.04203698 -0.01715657
 -0.05051242  0.00691726][-0.0459503   0.05599782  0.06170016  0.040733   -0.03167663 -0.06668151
 -0.04896671  0.10265599 -0.09165056 -0.0661628  -0.08777519 -0.07347734
 -0.12011944  0.0501745  -0.01195154  0.04748641 -0.10060191  0.09332156
  0.00903123 -0.07886407][-0.01948147  0.05454312 -0.09645649 -0.10070045  0.08904776 -0.00616447
 -0.08398719  0.0539118   0.07881051  0.09763454 -0.03651498 -0.04030119
 -0.04119951 -0.00995057 -0.01496182  0.03210649 -0.03620294  0.0772194
 -0.01757656  0.09696122][ 0.08689917  0.06799855 -0.08714705  0.10220931 -0.0172261   0.043415
  0.11288309  0.01810313 -0.05850758  0.09269905  0.05711354 -0.093465
 -0.10607027 -0.06089642 -0.00034152 -0.04108836  0.04608521  0.00810711
  0.03141344  0.06064445]