[ 0.01371298 -0.37445075 -0.1116355  -0.15205817 -0.00499754  0.05584872
 -0.14061658 -0.29338066 -0.23664193 -0.24306253 -0.16838028 -0.43363009
 -0.16112967 -0.11416928 -0.5040893  -0.51113158 -0.40644164 -0.44374873
 -0.36133093 -0.3027052  -0.35764296 -0.65896799 -0.63965638 -0.68603414
 -0.18008541 -0.48036124 -0.64451429 -0.11680616 -0.25882172 -0.42616316
 -0.68061176 -0.01765583 -0.57069955 -0.38625035 -0.47901639 -0.47178143
 -0.2570878  -0.58026391 -0.10456328 -0.54833126 -0.56872387 -0.24388561
 -0.35267515 -0.20544411 -0.1190978  -0.70867229 -0.54149456 -0.80292179
 -0.5287425  -0.65482126 -0.0621778   0.11144984 -0.16916242  0.00352399
 -0.71633221 -0.37288989 -0.37128315 -0.60966055 -0.24457348 -0.09880322
 -0.70752491 -0.57752625 -0.64355647  0.07940259 -0.80866708 -0.24301987
 -0.52817862 -0.69187814 -0.6997755  -0.48989776 -0.4135098  -0.64091772
 -0.33988175 -0.17634188 -0.38152423 -0.31325999 -0.26101655 -0.30017557
 -0.09239554 -0.49398746 -0.03117745 -0.62256481 -0.25351508 -0.20353192
 -0.67207859 -0.27477643 -0.66928745 -0.2916247  -0.14619222 -0.64996966
 -0.47967047 -0.11243575 -0.73023955 -0.68850209 -0.56574526 -0.42148657
 -0.53062513 -0.07057498 -0.65731753 -0.03500817 -0.65928855 -0.1092981
 -0.33956541 -0.79851106 -0.68639771 -0.62396574 -0.27156261 -0.67983203
 -0.16379124 -0.24325403 -0.63112799 -0.16549721 -0.10834472 -0.67326089
 -0.20697584 -0.27702948 -0.2232166  -0.56146229 -0.00278365 -0.49921279
 -0.61019001 -0.69632179 -0.45105113 -0.12598426 -0.34530676 -0.09190689
 -0.68676788 -0.38263304 -0.09689307 -0.47519564 -0.39750331 -0.10240556
 -0.41377514 -0.05536543 -0.29151652 -0.17446099  0.02903707 -0.52736521
 -0.51897905 -0.2324828  -0.19010402 -0.55934637 -0.07727291 -0.6545368 ][-0.39193405  0.25127386 -0.33581591  0.52277655 -0.24080657  0.48612847
  0.24358782  0.26172878  0.09907529 -0.3823164   0.49113107 -0.22627396
  0.13748059  0.10385775 -0.31015669 -0.39323992  0.30004722 -0.2257606
  0.01296513  0.06346454  0.19369731 -0.05260108  0.20257831  0.22875762
 -0.15233553  0.26056952 -0.06413239 -0.33235491 -0.03423748 -0.33442832
 -0.09410519  0.26286679 -0.40587051 -0.09044934 -0.18553431  0.20009261
  0.34056873 -0.07790743  0.37296705  0.29193746 -0.34835968  0.09373834
 -0.19157748 -0.24462224  0.2061995  -0.24937746 -0.29244168 -0.29999951
  0.35563163  0.43018665 -0.36523123 -0.15264656  0.07064298 -0.33358358
  0.25568043  0.46847286 -0.18710394  0.53793509 -0.21423199  0.0589864
  0.47218352  0.00660456 -0.34842288  0.51587808 -0.12904953  0.26833721
 -0.23156106  0.04101105 -0.41054263  0.3773491   0.06284067 -0.03361798
 -0.12270966  0.45945613 -0.25730314 -0.06632222  0.04736102 -0.36648041
  0.11843212 -0.28433508  0.24658444  0.24326465  0.49221131 -0.03683919
 -0.04958204  0.51096163  0.55546795  0.54202374 -0.26043653 -0.23002776
 -0.27825009 -0.33858212  0.4439083   0.07999357  0.04267498 -0.06200571
 -0.24498676  0.44857361 -0.20138396  0.07014561  0.44585076 -0.05182281
  0.02369043  0.32216513  0.5689206  -0.12552282  0.12714534 -0.09338928
  0.15521642 -0.09524527 -0.27011613  0.01047662 -0.1760752   0.00598066
 -0.32720118  0.33374792  0.40622081  0.28875606 -0.00279389 -0.32407058
 -0.32097246 -0.02696846  0.13527485  0.45175552  0.02504398 -0.18275167
  0.11301998  0.25905647  0.34822603  0.40549648  0.13023074  0.19331067
  0.12850201  0.55878037 -0.25804895  0.37637283  0.30340875 -0.38317599
  0.42988877 -0.14570289  0.5286218   0.37044076  0.56713604  0.32798137][ 0.46485312 -0.01418579 -0.11232787 -0.08017358 -0.29727806  0.23216017
  0.1892467  -0.33765503 -0.17965922  0.20043308  0.22202506  0.09195051
  0.3482479   0.19631832 -0.23199681 -0.25023434  0.35810251  0.57654459
  0.48666032  0.5703351   0.27370721  0.19442634 -0.35087344  0.10936594
 -0.15320363 -0.02048929  0.08817185  0.29495161  0.48990504 -0.25414048
 -0.13505976  0.46785078  0.34666151 -0.1132615   0.16014258  0.18623781
  0.21743456  0.30143748  0.1826561  -0.22077804  0.56455721 -0.28841222
  0.33778373 -0.32423293  0.03182399 -0.01322141 -0.13191073 -0.15133271
  0.14048044  0.43049524  0.0876095   0.48581685  0.38419457 -0.03297895
  0.09935787  0.04260138 -0.16093743 -0.11198939 -0.02123866  0.30598957
  0.27513021 -0.27946292  0.22842113  0.32750817 -0.40316301  0.25759608
  0.28357504 -0.1404117  -0.17230267 -0.33326573  0.2086729   0.31289069
  0.51547498  0.35308383 -0.09225172  0.36762987 -0.07566623  0.33033629
  0.21847765  0.20139939  0.18201792  0.24732308  0.20306758 -0.3220051
  0.24296592  0.34276636  0.02509522 -0.34300468 -0.02873575 -0.34330964
  0.58792861  0.47504144  0.25950332 -0.07090449  0.40744513 -0.19671601
 -0.18169099 -0.14421321  0.19006183  0.02066825  0.4514259  -0.16718139
  0.59986189  0.24748244  0.05234418  0.1054952   0.3094574   0.54493309
  0.02313376  0.28493077 -0.04822402  0.16925799  0.28739531  0.09759736
  0.03835115  0.4688734   0.37044306  0.56312759  0.12036361  0.03205195
  0.44116617  0.58710613  0.34240829 -0.03597744  0.21985019  0.01565195
  0.35683149  0.52757112  0.01504035 -0.11274137 -0.02510765 -0.16087173
 -0.20878527  0.3702455   0.37714766 -0.04803078 -0.0239394   0.26616549
  0.1582947   0.38523551 -0.20492555 -0.40925333  0.57515822  0.43924879][-3.55227723e-01 -5.93027720e-01 -6.41541029e-01 -3.39972869e-02
 -5.67633213e-01  1.00191000e-01 -5.61151510e-01  2.62677069e-01
 -1.41292923e-01 -1.48460735e-02 -1.80800371e-01 -4.09322606e-01
  1.41208922e-01 -1.25061069e-01 -8.98473994e-02 -3.29630846e-01
  3.17375323e-01  3.51663192e-01 -2.63363142e-01  2.59167165e-01
 -6.99374033e-02 -1.27031061e-01  1.51852386e-01  3.45763153e-01
  6.52457115e-02 -6.69544163e-02 -5.54648506e-01 -1.27344144e-01
  7.14667583e-02 -5.93518239e-01 -4.14121224e-01 -5.00390948e-02
 -2.91890861e-01 -3.23131641e-01 -2.12438181e-01 -8.24235474e-02
  2.73837074e-01 -2.20544172e-01 -5.60665120e-01  2.39140960e-02
 -1.50918718e-01  1.29188978e-01 -4.87727789e-01  3.09790531e-01
 -3.19329755e-01  1.68978249e-02  3.20904572e-01 -2.90824701e-02
  3.19858868e-01 -5.34538409e-01 -4.50334603e-01 -3.71780409e-01
  1.04221478e-01 -4.52143689e-01 -5.95519923e-02  5.58263706e-02
 -4.84810707e-01 -2.53336254e-01  1.78434483e-01 -6.11553606e-01
 -5.04113109e-01 -5.79016274e-01  1.04969571e-01 -3.36629047e-01
 -4.04953094e-01  2.02240134e-01  6.20825990e-02  1.19727737e-01
 -1.95162730e-02  2.83536173e-01  2.08381154e-01 -2.42227926e-01
  2.50029543e-01  3.04446922e-01 -7.40601208e-02 -5.58506171e-01
 -5.47412137e-01 -1.82084751e-02 -4.79469877e-02 -3.27726203e-01
  8.30910126e-02 -3.98813921e-01 -3.11255023e-01 -1.22716499e-01
 -3.70401232e-01 -5.11916815e-01  3.53477753e-01  1.57909674e-01
  3.20960163e-01 -1.15264042e-02  1.38092956e-02 -5.74198093e-01
  6.54453334e-02 -4.95857110e-01  3.51171525e-02 -5.05704354e-01
  1.78298637e-01 -2.39412311e-01  3.60244125e-01 -1.05728096e-01
  3.55617547e-01 -1.22346017e-01  7.07403979e-02 -1.94636257e-01
  1.86166746e-01  2.38933096e-01 -4.28559772e-01 -4.01870681e-01
 -2.48785625e-01  8.97054421e-02  8.65275812e-02  2.11907531e-01
 -6.00117867e-01 -3.01913101e-01 -3.20080234e-01  3.47956700e-04
  9.90285068e-02 -1.11011431e-01 -6.07854004e-01  1.38944030e-01
 -3.13481553e-01  8.48118908e-03 -2.41842215e-01  3.76297000e-02
 -5.78717836e-02  1.19720728e-01 -3.68736818e-01  2.01648220e-02
  6.43361333e-02  8.12381910e-03  1.56738451e-01  1.18690669e-01
 -8.37156735e-03  2.01999437e-01 -7.70154903e-02  7.67666568e-02
  1.55019474e-01 -3.92306494e-01 -5.17575265e-03 -2.20073663e-02
  2.12664583e-01 -3.69495148e-01  2.37108350e-01 -5.07245012e-01][ 0.19231765  0.40943563  0.05934952 -0.41638013  0.26843889 -0.17072436
  0.17439596 -0.44708094  0.3979765   0.40348472 -0.02859441  0.26072423
  0.21442642 -0.46609927  0.14372902  0.25424459  0.04482702  0.27658192
 -0.07809427 -0.53825842 -0.30949638 -0.25948103  0.1554101   0.30575017
  0.1867751   0.0734709  -0.33587319 -0.14026153 -0.35174041 -0.33291743
 -0.3710571   0.15674721 -0.48877648 -0.30762081 -0.43183388 -0.18565244
 -0.21043908  0.37332865 -0.50398891  0.26969136  0.26228382  0.14974574
  0.17788016  0.15052965 -0.40475327  0.32986842 -0.47798561 -0.47108579
 -0.35263323  0.04075954 -0.39457377  0.3617333   0.39433582 -0.49121446
 -0.52446003 -0.49841967 -0.3593774   0.45594038 -0.30165085  0.45102061
  0.11819605  0.41593649 -0.09616959 -0.26708195  0.17327582  0.02286078
 -0.21546043 -0.48650529  0.23259733 -0.30068527  0.00247496 -0.50101425
 -0.19124727  0.24170932 -0.45126335 -0.16455628  0.16059408 -0.10032281
  0.06378456 -0.23210357  0.19385285 -0.17458653 -0.1587924   0.23358213
 -0.27841332  0.19343052  0.15573217  0.15325205 -0.30113018 -0.06456574
  0.03276254  0.30610375  0.1892547   0.03413197 -0.04242966 -0.13646658
 -0.12444939  0.26976264  0.24585995 -0.42335972 -0.12905307 -0.35650585
 -0.27538592 -0.30297934 -0.33398468  0.02214491 -0.33835574 -0.51156345
 -0.50861441  0.02065335  0.23502953 -0.13474517  0.31960876 -0.38595702
 -0.42232612 -0.36960111  0.32739579 -0.0060534  -0.08189758  0.44532194
 -0.43891944  0.1283796  -0.08648134 -0.13962872  0.42702041 -0.51843373
  0.05602424 -0.17774891 -0.23738088 -0.03382634  0.33826177  0.16453587
 -0.01198613  0.1383246   0.21412617 -0.08893822  0.07006733 -0.33855409
  0.32544045 -0.48837983  0.18596392 -0.475864   -0.26654112  0.29396486][-0.13712495  0.03734141  0.27910345 -0.12529375  0.1087903  -0.51204886
  0.39848    -0.23011401 -0.52541229  0.1200095  -0.21239567 -0.13949342
  0.41618605 -0.21447819  0.2705492   0.33991024 -0.29156232 -0.41975676
  0.40043098 -0.49124627  0.2011676   0.31715896 -0.3465655  -0.41345169
 -0.2586566   0.34082525 -0.21864568  0.02000143 -0.24140075  0.09661126
 -0.20316802 -0.41790472 -0.37323557  0.03769482  0.14726898 -0.23435229
  0.22698064 -0.29236345  0.02040341 -0.06911491  0.07841979 -0.39395142
 -0.05070143  0.22213732 -0.1680168   0.43287093 -0.5286511  -0.09388233
 -0.00645415  0.22332086 -0.40770375 -0.2726066   0.23146009 -0.14778952
  0.2019549   0.12033428 -0.19102678  0.33775325 -0.3906032  -0.18564339
  0.08161396 -0.13374688 -0.4157795   0.30295903  0.1024324  -0.4352101
  0.44963543 -0.07749692  0.11363573 -0.27115615  0.06177682  0.11814033
 -0.04447821  0.25357307  0.05414836 -0.48740769  0.16266888 -0.05974973
  0.22847287  0.22831783 -0.20763561  0.18852832  0.01071404 -0.50560142
 -0.33663411 -0.10165028 -0.39145127  0.27206954 -0.26779248 -0.47767635
 -0.05262187 -0.29132206  0.24233023 -0.51125236 -0.35603059  0.43942066
 -0.24357654  0.40441165  0.43259096 -0.31839474 -0.4564326  -0.49150867
  0.18572067  0.07807258  0.22865668 -0.17992306 -0.46398012  0.23682978
  0.01286024 -0.17967687 -0.35602057  0.13388223  0.44034489 -0.24021661
  0.01028399 -0.22850129 -0.34983466  0.15728151 -0.27813725 -0.34681813
  0.09646756  0.29177123 -0.00520951 -0.12158278  0.38761325  0.16343959
 -0.46276442 -0.5022675   0.40025198 -0.45156306 -0.47077143 -0.01646721
  0.44268928 -0.48070142 -0.18802077 -0.52583765 -0.31746958 -0.34121538
  0.13101671 -0.19318648  0.42665534  0.1542824  -0.15592442 -0.12639731][ 0.22067014  0.05541938  0.49547347 -0.24148551  0.39786869  0.28712021
 -0.12337433 -0.01629141 -0.18682031 -0.31682666  0.42329586  0.19821559
 -0.05835774 -0.08566537  0.18376652  0.24875648 -0.23434612 -0.34903609
 -0.31957219 -0.25405169 -0.47876473  0.01407308 -0.38121567  0.43844824
  0.33704857 -0.12401023 -0.24549266  0.03365343 -0.00671658  0.30234271
 -0.47376929  0.47182615 -0.41397921 -0.14502841  0.38763309  0.32248576
  0.35929345 -0.39973198 -0.32826842  0.2819598   0.44929426 -0.32503865
  0.12268946 -0.11799297  0.45881841 -0.44194214 -0.00602745  0.40679922
 -0.05575154 -0.36059422 -0.11717386 -0.15142359  0.28578153 -0.27609066
  0.24533106  0.20632908 -0.00764849  0.07278882 -0.10665635 -0.03521066
 -0.13051541  0.48241062 -0.04386524  0.45533418 -0.29201161 -0.13604732
  0.50024365 -0.07785816  0.38543365 -0.03008328 -0.00664363 -0.21546395
  0.13034116  0.28769863  0.38259274 -0.45087979  0.00815368 -0.23271858
 -0.06366655  0.44433656  0.33985225 -0.04829715  0.25536697  0.36006485
 -0.03753057 -0.12610648  0.44303576  0.30376925 -0.16818261  0.50700745
 -0.20437745 -0.09464147 -0.2493999   0.05393987  0.5042998   0.17883201
  0.00263103 -0.3826065  -0.37617129 -0.37363308 -0.42698072  0.166702
  0.23602203  0.26762367 -0.01776343 -0.3836864  -0.41366601 -0.01611362
 -0.15490605  0.38955416  0.4750344  -0.10850728  0.04387972  0.27262985
  0.03873401 -0.45503539 -0.32548182  0.13827077  0.33421844 -0.33335505
  0.06381197 -0.02610308  0.50155484  0.04369819  0.01214403  0.47982154
  0.4668809   0.35832591 -0.20052891 -0.04206942 -0.41151802 -0.09802848
 -0.34694934 -0.31788314  0.26924337 -0.36960221  0.38205428  0.25626712
 -0.32813948  0.18810468 -0.09169587 -0.22511337 -0.44590812  0.34869118][ 0.22037991 -0.01194794 -0.33371313 -0.28213897  0.530904   -0.37189945
 -0.31933984  0.13439474  0.05812423 -0.13216624  0.03464459  0.29551522
 -0.09064263 -0.27602388  0.05318901  0.33166743  0.02362033  0.43676033
 -0.10011672 -0.01863504 -0.18908224  0.23138031 -0.35523174 -0.40880987
 -0.33890797 -0.39434803 -0.21018698  0.38275769  0.45751839 -0.11608161
 -0.10751441  0.10841708 -0.18157736  0.00845525  0.31645682  0.45561609
  0.45177784  0.15568589  0.27363171  0.09057425 -0.17885465 -0.17321241
  0.45897696 -0.0200922  -0.10482801  0.04366124  0.20461074  0.25175574
  0.36055859  0.00333603  0.57030535  0.55987856 -0.30130411 -0.30899556
  0.30232918  0.28393498  0.20623823  0.39238289  0.08232801 -0.21926573
 -0.27201886  0.14595297  0.16933779  0.4539236   0.18302153 -0.39923829
  0.55509395 -0.10483291 -0.01825915  0.27677394  0.02342654  0.46997048
 -0.1107053   0.08078953 -0.21163576 -0.02689489 -0.32211792  0.23729311
  0.52189687  0.45364345  0.48039207 -0.3938436   0.49382808  0.04998701
  0.42996109  0.15921591  0.21570564  0.43771041  0.04899661  0.16380043
  0.53161211  0.49272009 -0.01772681 -0.10559645 -0.3768753   0.14866184
  0.26310528  0.1943788   0.03446704 -0.1912211  -0.28993994  0.35078686
 -0.18369663  0.23533766 -0.18156549  0.25815301  0.19009545 -0.11430972
 -0.1470616   0.14044301  0.31624051  0.30761043 -0.39982256  0.44135788
  0.45921861 -0.01638699  0.10779111 -0.33876946  0.21783375 -0.17104804
 -0.29772928 -0.21325113 -0.2311195   0.43110201  0.54599048 -0.08163681
  0.27388288  0.04673593 -0.37541004 -0.38899455 -0.30483886  0.0023198
 -0.11658151  0.41457915  0.26350255 -0.18434592  0.52775234  0.24151263
  0.38244208  0.12890741  0.33518583 -0.40530635  0.09878629  0.40880364][ 0.2984434  -0.2501858  -0.00811423  0.07129494 -0.22367509 -0.31472774
  0.28353722 -0.51006068 -0.30277931 -0.03135216 -0.34489693  0.05489773
  0.43034586 -0.33685179 -0.36155651  0.42251935 -0.25744078  0.44493849
  0.13480642 -0.00366929  0.28635762 -0.36792005  0.25238551 -0.4720911
 -0.17215908  0.29746427 -0.09479046 -0.39894873  0.05116315  0.13146889
  0.25415689  0.15107313  0.24091016  0.17778197  0.16546993 -0.15643578
 -0.14476265  0.42676926  0.41558027  0.41795128 -0.0286455   0.29294493
 -0.19697486  0.20429604 -0.38723953  0.32504818 -0.0295597   0.35358915
  0.17789392  0.20341521 -0.23526737  0.3392611  -0.35545215 -0.34873605
  0.38687973  0.41173889  0.37278727  0.37357601  0.33508762 -0.08415225
  0.11820375 -0.3108197   0.21927882 -0.34385     0.05733751  0.17523957
  0.17025152 -0.11490448 -0.25965809  0.42536834  0.23394724 -0.51713672
  0.15173098  0.30247666  0.02197663  0.28376188  0.36483016 -0.22764076
 -0.34575634 -0.34485051 -0.21023944  0.28907402  0.41274104 -0.08329465
  0.05127917  0.43170529 -0.3581572  -0.14275232 -0.3193749  -0.45651009
 -0.0928416  -0.47313064 -0.4104053   0.01356349  0.37249269 -0.45167291
  0.07019619 -0.50835229 -0.08189276  0.28648791 -0.10275594 -0.22213087
  0.07726431  0.09525543  0.16155295 -0.15916554 -0.23891503 -0.1299815
  0.30044378  0.34428266  0.08082679 -0.14026688 -0.10058134 -0.33218551
  0.37269171 -0.30253823  0.13163397 -0.24988173  0.20676767  0.04671178
 -0.28601709  0.13453948  0.4344261   0.26263757  0.400673    0.2613111
  0.10600797  0.21239407 -0.30274716  0.08851268  0.03287283 -0.40659647
  0.26515133  0.18676361 -0.51236729 -0.39598314  0.24830943  0.11674799
  0.03695871  0.05437361 -0.20014011  0.29521026 -0.09986489  0.42925464][-0.36619874  0.23579252  0.27319553 -0.31461647  0.37000239 -0.23695093
  0.24551292 -0.53647264 -0.22710174 -0.13214831 -0.47547126 -0.36193806
 -0.08964657 -0.13159825  0.38197101  0.2728385   0.13187504 -0.04974909
  0.16998171  0.11761006 -0.53090541  0.12221512 -0.43128469  0.41836055
  0.34665615 -0.38060062 -0.51513746  0.05147217 -0.02471643  0.10306939
 -0.27020411  0.26098291 -0.35757525 -0.3197791   0.1500446   0.33041375
 -0.4672619   0.34576651 -0.20842375 -0.0912661   0.41174944  0.2532964
  0.05699361 -0.04720302 -0.20513355  0.28118523 -0.3722498   0.01786547
  0.35774638 -0.43477698  0.26289424 -0.40984343 -0.21936104  0.43686191
  0.24765904 -0.30319742 -0.35049232  0.11981385  0.35566701 -0.45869212
  0.44819981  0.40973764  0.36112089 -0.52767805  0.30636235  0.06789898
  0.14662716 -0.11553583 -0.45363097 -0.3778338   0.03651036  0.31384562
  0.3443508   0.32069939  0.34017222  0.08207336  0.23100164  0.27948364
  0.11312924 -0.14054503  0.2390253   0.04957917  0.13705853  0.1922058
 -0.4152795   0.07585652  0.29909419  0.22960324  0.24398344  0.29860099
 -0.53829992 -0.00148518 -0.27753894 -0.15057018 -0.1122314  -0.19801563
 -0.32835718  0.19944605  0.42818623  0.419007   -0.50841854 -0.03453044
 -0.2319038   0.34552132 -0.05224154 -0.46573449  0.03972105  0.04123051
 -0.20653899 -0.22427938  0.23076982  0.19986423 -0.27716902 -0.04431897
  0.03977465  0.07851483 -0.02909972  0.00153471 -0.33045638 -0.47415065
 -0.21208101 -0.07269755 -0.14868267 -0.04497637 -0.18716645  0.13698958
 -0.24075129 -0.34769242 -0.03395987  0.40304274  0.35804099 -0.07765797
  0.13415585 -0.32038545  0.31777202  0.0681961   0.26294854 -0.3843629
 -0.397582    0.27587852 -0.0938858  -0.20349295 -0.27037137  0.21227721][ 0.15662888 -0.29563982  0.17205294  0.29751277 -0.40730016  0.13381567
 -0.44984693 -0.16796937 -0.10889864 -0.13357018  0.20306518 -0.25924249
  0.22477898 -0.08089552 -0.19460454 -0.54981561 -0.01703987 -0.44277041
 -0.17695425 -0.44554018  0.23558461 -0.47602256  0.10922272  0.39802895
 -0.14287275  0.18808556  0.14385225 -0.55598403 -0.39394635 -0.47534078
  0.3411981   0.26579932  0.36565697  0.0623471   0.23368043 -0.51879358
 -0.33943126  0.31507467  0.14072551 -0.46662483 -0.45134873 -0.46276512
  0.12242714  0.11567945 -0.29666233 -0.38765967 -0.32698493 -0.05442066
 -0.07654879  0.34560863 -0.18471706  0.37913526  0.09719779  0.0072075
 -0.23675412 -0.26239394  0.00401425 -0.1418043   0.20573885  0.29279257
 -0.40413309 -0.32553218  0.2637336  -0.44743469 -0.11918918 -0.14489686
 -0.38087491  0.1529232   0.0139668  -0.1871124   0.12695559 -0.26810593
  0.2081234  -0.22667693 -0.25354246  0.20503084 -0.56909593 -0.10419284
  0.37726608  0.11023133 -0.32946637 -0.45720939  0.21306687  0.01480686
  0.02172694 -0.48972674  0.0829473  -0.24878156  0.12887638 -0.38440183
 -0.55882238 -0.32306765 -0.19052728 -0.14431285  0.4006303   0.16695534
 -0.55273591 -0.36895887  0.15853596 -0.29599293 -0.26612951 -0.29689855
  0.33076012  0.06136765  0.31023651 -0.31299813 -0.10800295 -0.24352749
 -0.02422131 -0.05293483 -0.12155635  0.1382987  -0.2687031  -0.03880196
 -0.35020722  0.10216925 -0.22279091 -0.30836437 -0.35600728  0.1533006
 -0.45369244 -0.52782448 -0.17495267  0.20568875 -0.53544842 -0.17561577
 -0.43615705  0.07904205 -0.25927988  0.26988081  0.349974   -0.57648038
  0.10751037 -0.41250697 -0.13089575  0.32728498 -0.28754676 -0.24123
 -0.02322374  0.35823376  0.05956514 -0.44990277  0.26748276 -0.41239472][-0.43090318  0.21461315 -0.13990544 -0.5634352  -0.45954426 -0.31496804
 -0.54135848 -0.39625144 -0.28461264  0.11951243 -0.2247029  -0.25244149
 -0.25176883  0.36349058  0.09767429 -0.5688626   0.0118092  -0.18305125
  0.1125199   0.05123969  0.15130006 -0.30806013 -0.11800677  0.2606607
 -0.3477406  -0.045352   -0.07008099 -0.39098469  0.31652233  0.34504709
 -0.31102294 -0.10735317  0.13188352 -0.23464913  0.31072187 -0.11356967
 -0.06942183  0.33020927  0.29017534 -0.41916363  0.03535497 -0.30395721
 -0.17043603  0.08952009 -0.15232336 -0.46713866 -0.28873356 -0.04146682
 -0.11157582  0.1123842   0.1451494  -0.17578655 -0.24510151 -0.58819964
  0.41184971 -0.52731691  0.09039359 -0.37489572 -0.33354938 -0.54979219
  0.07305324 -0.46296257 -0.38070699 -0.06505915  0.09513177 -0.16762277
 -0.13551921  0.0987608  -0.29495923  0.03372044 -0.4993246   0.29264414
 -0.54760191 -0.13387722 -0.32787182  0.00222851 -0.23242992 -0.14270896
  0.30999735 -0.05954787 -0.0874216  -0.3705067  -0.21509242  0.31389997
  0.35265722 -0.31105317  0.14912061  0.26947323 -0.52489904 -0.09304396
 -0.03220274 -0.02588458  0.39141824 -0.29607095  0.25048117 -0.50421767
  0.16740168  0.00942036 -0.44638778 -0.57471322 -0.2682238  -0.45887974
 -0.31873885 -0.08153128  0.09106732 -0.01471709  0.15005462  0.32972168
 -0.11289194 -0.19676397 -0.26419607 -0.58401794 -0.49701643 -0.3030459
  0.29943026  0.23054612  0.34336697  0.21729521  0.07930906 -0.12054786
 -0.14654897  0.36181053 -0.09362952  0.36754002 -0.10573134  0.15800101
  0.11484055 -0.05797669  0.0445768  -0.46223027 -0.03243392 -0.02558434
 -0.32659022 -0.57971422 -0.2128669  -0.5147263   0.34073826 -0.08957031
  0.04652705 -0.31464197  0.11558614 -0.50313047  0.04625767 -0.18664007][-2.60922105e-01 -1.03373004e-01  3.31590419e-01  9.22080501e-02
 -4.96748330e-01  1.92739960e-01  3.35689831e-01 -7.80014307e-02
 -5.05427774e-01  4.30621969e-01  3.63449994e-01  4.06592418e-01
  3.62429866e-01 -2.60742591e-01  4.15116285e-01  1.99640291e-01
  1.01128977e-03 -2.58839674e-01  2.48023619e-01  1.82752315e-01
 -2.08200643e-01  2.79722475e-01 -6.40259612e-02  1.05080550e-01
  3.20864644e-01  1.75003496e-01  4.65836553e-01 -5.90428605e-02
  1.55928123e-01 -3.47500526e-01 -4.77570669e-01  2.70986029e-01
 -2.08702152e-01  3.91418088e-01 -2.28989692e-02 -3.23921652e-01
 -3.35492998e-01 -1.98027022e-01  2.12575422e-01  9.01979748e-02
  1.77490696e-01 -5.27054662e-01  1.57896212e-01  4.48837386e-01
 -3.08756085e-01 -1.11332128e-01  2.06482789e-01  1.60651753e-01
  1.74221031e-01  7.63154037e-02  3.00844827e-01  4.15966969e-01
 -4.93469017e-01  1.53130804e-01 -1.79060139e-01 -6.20260323e-03
  4.25606268e-02 -4.90217639e-01 -5.04533035e-01 -1.34041993e-01
  3.02039997e-01  3.02072362e-01  3.63009106e-02  2.13707223e-01
  1.65818760e-01 -1.10493249e-01 -4.51819734e-01  1.09996135e-01
 -4.75308689e-01  3.74724806e-01 -1.38879782e-01  3.67612174e-01
  3.37157904e-01  2.25222255e-01 -5.13642323e-01 -8.26705387e-02
  3.66104123e-01 -1.77162526e-01  3.56862235e-01 -3.69578415e-01
 -8.65280386e-03 -4.94203704e-01 -1.02671257e-01 -1.77663709e-01
 -4.19223599e-02  3.96478775e-01  4.42761544e-02  3.25474483e-01
 -6.82858508e-02 -4.79807226e-01 -2.74378592e-02  3.53870333e-02
  3.46115404e-01  3.21080045e-02  7.80195912e-02 -2.30429446e-01
  1.02294145e-01 -4.66428185e-01  6.19157670e-02 -3.32692435e-01
 -8.93274945e-05 -3.15741846e-01  4.16433365e-01 -3.01339771e-02
 -2.53439331e-01  2.99422922e-01 -2.39766647e-01 -4.22677330e-01
 -4.74838262e-01 -3.02606997e-01 -2.56226369e-01 -3.07362044e-01
 -7.61794130e-02 -9.21912229e-03  3.79784395e-03  3.42284697e-01
 -2.87776376e-01  3.44220770e-01 -5.31989737e-02  3.84757051e-01
  4.33148106e-01 -2.72621395e-01  2.52421475e-01 -1.17098928e-01
 -2.23462108e-01 -1.29843843e-01 -1.40487843e-01 -2.88934360e-01
 -1.92912459e-01 -5.28060494e-01  1.15166601e-01 -1.28874656e-01
  4.03648035e-02  1.57944434e-01 -2.46755109e-01  2.62671257e-01
  1.54310153e-01 -2.06387617e-01  1.74443817e-01 -2.69789021e-01
  4.02001507e-01 -4.73555112e-01 -4.79965390e-01 -4.79745071e-01][-0.57979306 -0.08162639 -0.34138532  0.12592078 -0.23310788 -0.02943204
 -0.50810649 -0.20929147 -0.36741197 -0.3271063  -0.31269411 -0.37418899
 -0.17765152 -0.50303745 -0.24794316 -0.38933552 -0.19113704 -0.08270443
  0.1640346   0.27461352 -0.06740099 -0.06407138  0.16072866 -0.3521797
  0.14782588  0.29343299 -0.3889472  -0.38381274 -0.43638007  0.14671644
  0.27233812 -0.42027932 -0.03580127 -0.30029001 -0.52421135  0.05946353
 -0.47061289 -0.60123006 -0.00963847  0.03288592 -0.58634723  0.06874501
  0.3086336  -0.61657915  0.16465695  0.16077817 -0.09304682  0.25040117
 -0.27035319 -0.26016287 -0.09005861 -0.61209914 -0.57097982 -0.51481224
  0.07898404 -0.55021118 -0.35739325 -0.36384317  0.21505179  0.18617171
 -0.56362466 -0.25385886  0.2192165  -0.30160264 -0.58800483  0.14276902
  0.05725394 -0.27882675 -0.08789043 -0.27112151  0.30489037 -0.02458699
 -0.53603091 -0.25142316 -0.43024867 -0.31073218 -0.16392929 -0.14574439
 -0.60106282 -0.31446913 -0.58673545 -0.2358942  -0.18302883 -0.64236299
 -0.39456901 -0.19209281  0.30740685 -0.23037658  0.07275607 -0.14288428
  0.03590283 -0.21501158 -0.18414013 -0.28061155 -0.32356935  0.29140159
  0.01422693 -0.09536277 -0.58226332 -0.35746229 -0.14054767  0.2689316
  0.0348938   0.02041625  0.2159362  -0.26456785 -0.11516219 -0.22850501
 -0.28476686 -0.39033081  0.14081681 -0.56165195  0.30158175 -0.12543446
  0.13716564 -0.45888287  0.30218039 -0.41487831 -0.06161925  0.25042781
 -0.03300251  0.01869757  0.31467995 -0.39641861 -0.12771126 -0.27996137
 -0.05260262  0.13532549  0.01111414  0.2261211  -0.33833971 -0.24783268
 -0.31399436 -0.39775567  0.35364407  0.05339147 -0.57075615  0.2503625
 -0.19180252 -0.20854798  0.2338811  -0.31925322 -0.14902694  0.06853703][-0.34112038 -0.30070584  0.05194927 -0.02265288  0.14904325 -0.58380659
 -0.20567508  0.14792466 -0.4105332  -0.14630584 -0.51764853 -0.53218952
 -0.07002537 -0.4830951  -0.00391626 -0.16163948  0.11978732 -0.02872596
  0.2435545  -0.49988663 -0.06725401  0.02020397 -0.3408485   0.17509981
 -0.56146343  0.26433745 -0.20357017  0.01301697 -0.28181346 -0.3869805
  0.08981648 -0.28095899 -0.57249096 -0.07737224 -0.3759612  -0.55087762
  0.17454927 -0.16259986  0.01321493  0.20586898 -0.34790164 -0.28193854
 -0.13234768 -0.5650951   0.21734894  0.28216314 -0.34612722 -0.24125887
 -0.47227588 -0.42539928 -0.34640472 -0.43288822 -0.12546491 -0.39261969
 -0.46968634 -0.05789827  0.35428481  0.37202958 -0.25605132  0.35794121
  0.4032779   0.12189146 -0.34722817  0.14247753 -0.160855    0.00282943
 -0.55701274 -0.57797301  0.18370521 -0.51490599 -0.46570706  0.00425807
 -0.02792038 -0.48448122  0.35599839 -0.50877134  0.0482736  -0.60633124
 -0.25220737 -0.35007431  0.1400883   0.41643722  0.32985666 -0.45966339
 -0.23246261  0.36830797 -0.31009044  0.056373   -0.1406252   0.14643594
  0.3148349  -0.3864611   0.01702123 -0.48165469 -0.51440806 -0.18029837
  0.13789119 -0.36318002 -0.45557334  0.18834846 -0.09503034 -0.18709559
 -0.34080987  0.18138493 -0.23851754  0.01689567 -0.23290073 -0.33207135
 -0.53547704  0.23835671 -0.37099543  0.23285247  0.10961925 -0.34157618
 -0.36018006 -0.55199289 -0.2429679   0.16783219 -0.09184546 -0.59988824
 -0.14569308  0.24779305 -0.18126794 -0.59396494  0.2322103  -0.24492437
  0.08771402 -0.53908258  0.15853338  0.0780499  -0.28664081  0.26983272
  0.07492927  0.20741566 -0.07863611 -0.1489863  -0.17528804  0.37316509
 -0.10447058 -0.00799663  0.08213756  0.19149116 -0.3204178  -0.12850049][-9.36923996e-02 -2.23022118e-01  1.44094919e-01 -4.04813067e-01
 -1.79726502e-01  3.71751091e-01  7.43378658e-02  3.78032659e-01
  3.26777317e-01  1.01622269e-01  9.81560947e-02  2.43511063e-02
  4.37546341e-01 -3.95682022e-01 -1.07331097e-01 -4.21966573e-01
 -7.10404232e-02  1.48958661e-01 -3.57960908e-01  4.62193451e-02
  4.05212767e-01  2.15772088e-01 -1.36751593e-01  5.23406041e-01
  1.24633604e-01 -3.79399089e-01 -3.35553420e-01 -5.25754653e-02
 -1.20762114e-01  2.18589443e-01 -1.11294959e-01  2.21464815e-01
 -1.28778564e-01 -8.30352085e-02 -1.65441381e-01  3.41352659e-01
  1.96542430e-01  2.41002616e-01  5.58699756e-01  6.25119446e-02
  5.31038989e-01  7.78104102e-02  4.52591710e-01 -2.45113933e-01
 -3.49427239e-01 -2.97552411e-01  2.63128015e-02  4.70995491e-02
 -1.41983322e-02 -3.71624561e-01  4.78928461e-01  2.44256130e-01
 -2.90376184e-01 -2.40041476e-02  2.34429088e-01  7.40917184e-03
  2.03439732e-01 -1.51170091e-04  2.85098990e-01  3.44009637e-01
  2.66810572e-03  2.28988468e-01 -4.22099216e-01 -3.21555899e-01
 -1.10073693e-01 -3.84973020e-01  1.79291612e-01 -9.74753022e-03
  4.95978324e-01  2.37805742e-01  2.88887864e-01  4.01172895e-01
 -6.59386178e-02  3.49202441e-01  8.15234569e-02  2.04455665e-01
 -3.11841235e-02 -1.45362398e-01 -7.20694148e-02 -4.24522664e-01
  4.11736543e-01  7.26164468e-02  4.72527697e-01 -3.76335694e-01
  2.32327722e-01  4.46308831e-01  1.81413900e-01 -3.31120486e-01
  5.62313696e-01  4.22278343e-01 -4.36364654e-01  1.20932077e-01
  4.59470546e-01  1.65344105e-01 -2.50318439e-01  5.37822845e-01
  1.14699299e-01 -3.82491884e-01 -1.36655343e-02  1.87750028e-01
 -1.93093566e-01  2.31381199e-01  4.95937660e-01 -2.78543810e-01
 -1.83413095e-03  1.95404722e-01  3.34614542e-02 -3.31389177e-01
  5.18760821e-01 -4.24388854e-01  1.08492921e-01  4.02311615e-01
  5.34968890e-02  4.72279004e-01  6.53093193e-02  5.33438864e-01
  3.79437208e-01 -1.92275121e-01  2.85470444e-01  2.03680998e-01
  1.53456655e-01 -1.07023401e-01  5.27890350e-03  3.64509976e-01
  5.19470398e-01 -2.11940809e-01 -2.83880429e-01  5.28038854e-01
  5.06208311e-01  2.44665821e-01 -2.49666385e-01 -4.07589648e-01
  1.32978691e-01  4.40353348e-01  3.15069256e-01  5.05278040e-01
  5.49596068e-01  5.27680109e-02  4.95579386e-01  3.92018583e-01
 -1.22908002e-01  3.90349749e-01  9.72724741e-02 -4.02113779e-01][ 2.19816882e-01  2.97031724e-01 -5.50171979e-01  2.29485020e-01
  3.43630811e-01  2.20052307e-01  2.12486053e-01 -3.93008591e-02
  3.91106093e-01 -3.76300719e-01  3.36024824e-01 -7.75819334e-02
  1.87658597e-01 -3.39516579e-02  1.00474195e-02 -4.83909802e-01
  8.38850923e-02  1.32452129e-03 -4.09367378e-01  1.71157509e-01
 -6.44593137e-02 -3.03052745e-01  1.26035148e-01 -1.12463150e-01
 -2.10313158e-02  3.84921713e-01 -4.40593515e-01 -4.32698389e-01
  3.10248438e-01 -3.78620500e-01 -9.81429675e-02 -5.04938241e-01
 -2.90976724e-01  7.69137063e-02 -2.89057417e-01 -5.13318399e-01
  2.89515099e-01 -1.17346969e-01  3.77366857e-01  5.51503965e-02
  6.27317299e-03 -5.33063166e-01 -3.50579680e-01 -2.57926047e-01
  1.23375607e-01 -7.10912679e-02  1.04322059e-01 -3.27787677e-01
 -2.89842193e-01  3.01956742e-01  3.80516817e-01 -5.12080192e-01
 -1.20200547e-01 -5.32911443e-01  7.32534674e-02  3.74070106e-01
 -5.28989236e-01 -1.57089508e-01 -1.11716983e-01 -1.12445511e-01
  3.29440131e-01 -4.20687613e-01 -3.66506269e-02 -4.79993843e-01
  4.17328925e-01 -3.99469292e-02 -1.74333350e-02  3.09178280e-01
 -2.06982149e-01 -5.03221133e-01  1.64284693e-01  3.82414818e-04
  3.52654244e-01  5.72475488e-02 -2.36145504e-01  4.50126340e-01
 -3.85584146e-01 -5.42356185e-01  4.13073743e-01 -1.18979915e-01
  2.07168056e-01 -3.49807945e-02 -4.79733324e-01  1.00947674e-01
  3.93364974e-01 -4.63897435e-01 -8.57067202e-02  1.22504636e-02
 -3.98359754e-01 -4.16994607e-01 -1.03182847e-01 -8.18883140e-02
 -4.52742500e-01  1.55308609e-02 -2.06317500e-01 -5.33159914e-01
 -4.93466618e-01 -3.13716792e-01 -2.88353126e-01  2.72732317e-01
  4.02014364e-01  3.95296115e-02  1.94968279e-01  2.94862874e-01
  1.86262655e-01  1.03515362e-01 -4.67746348e-01 -2.67300204e-01
 -5.04291364e-01 -7.34995179e-02 -9.74864828e-02 -3.79175161e-01
 -2.23489058e-01 -2.69962616e-01  2.87587727e-01 -5.80996990e-02
  6.46567631e-02 -6.24970993e-02  2.72167700e-01  3.35154258e-01
 -4.15080099e-01 -1.56524094e-01  3.08827891e-01  7.00008695e-02
  9.28186634e-02  1.41228997e-01 -3.22562845e-01  3.43391607e-01
  9.80490984e-02 -2.45587850e-02 -2.05861418e-01 -5.02289190e-01
 -2.91769774e-02  4.25546163e-01 -1.48085765e-01 -5.12553972e-02
  3.78300842e-01 -2.59465193e-01 -5.09679946e-02  3.11105680e-01
  1.93087282e-01  2.06141201e-02  8.82141890e-02 -3.44624267e-01][ 0.02979026 -0.31465929 -0.5303112   0.16401336 -0.08007011 -0.23320796
 -0.51619806  0.38794712  0.40882825 -0.55373807 -0.05052411 -0.51127912
 -0.07384427  0.2576745  -0.52794652 -0.17700561 -0.44698849  0.28790086
  0.12903454 -0.26019828  0.31566274  0.25161771 -0.13759573 -0.4918032
  0.28767683 -0.08491707  0.25200743  0.33490468 -0.32265719  0.13309732
 -0.18792038 -0.30476828 -0.17255294  0.15587941 -0.56473972 -0.54233719
  0.05033209 -0.54932142 -0.59340501 -0.18144151 -0.10399441 -0.07259021
 -0.44066835  0.03288865  0.22952803  0.27625143  0.38241616 -0.20141293
 -0.21179063 -0.30282586 -0.00286953 -0.46139984 -0.18245561 -0.1705578
 -0.54351603 -0.45134437 -0.37256653  0.300764   -0.32396643 -0.56321342
 -0.23569429  0.22614529  0.17187185 -0.35083974  0.39107819 -0.50189442
  0.12103813 -0.00940612  0.35262891  0.23482523  0.32076207  0.15455174
  0.04036601  0.23919991  0.24796368  0.35486416 -0.29412602  0.21255686
  0.31655277 -0.3103099  -0.48397778 -0.09570807 -0.33362103  0.25122869
  0.07845756 -0.50584663  0.06734815 -0.10922642 -0.34309066  0.09013396
 -0.09541387 -0.28528933 -0.12540602  0.34536253 -0.05509454  0.2710384
  0.12481784 -0.25983791 -0.04812027 -0.2088056   0.35150662 -0.08767137
 -0.32440433  0.0270017  -0.58482761  0.19954438  0.34327003 -0.26686489
  0.35099297 -0.1173052  -0.13463839 -0.35114753  0.03628704  0.13944108
 -0.13891781 -0.55694998 -0.36987259 -0.15877292 -0.39183217 -0.17202038
  0.04502965  0.28910845  0.01366125  0.08394034 -0.4795131   0.11086376
  0.42761017 -0.14712694  0.07747373 -0.19953351 -0.36143971 -0.46185443
  0.30651813 -0.15589408 -0.0621102  -0.23322478 -0.31431206  0.27279386
 -0.14090889 -0.37847729 -0.52465262 -0.00955194 -0.38001911  0.03190007][ 6.96755941e-02  8.00380102e-02 -3.94275963e-01  1.42852769e-01
 -8.58636500e-02 -4.41283804e-01 -5.21994768e-01 -3.93560116e-01
 -4.08670470e-01  2.05118556e-01  1.37600303e-01  2.31194055e-01
  1.24216205e-01 -7.88854445e-02 -6.52210033e-02 -1.11790120e-01
  1.97569162e-02  4.22888136e-01  2.98387000e-02  1.59794597e-02
  2.71973919e-01 -1.45039816e-01  4.12905538e-01 -3.84792777e-01
 -3.33036239e-01 -3.21955994e-01 -1.91494377e-01 -3.52227026e-01
  4.20750035e-01 -2.14013224e-01 -2.44139619e-01 -5.43196039e-01
 -1.36137832e-02 -5.35818151e-01  2.53438506e-01  4.12639557e-01
 -3.79145623e-01  2.73715675e-01 -1.22392108e-01  1.33236206e-01
  3.50553046e-01 -5.15209242e-01 -3.17473362e-02 -3.54284444e-01
 -1.08510996e-01  8.93280111e-03  2.31128035e-01 -4.58362520e-01
  2.33975686e-01  6.57590462e-04  3.91234578e-02  2.22984794e-01
 -1.30593633e-01  4.85838886e-02  2.99692024e-01 -1.99520154e-01
  1.44420480e-01  3.86459731e-01  3.08055172e-01 -3.80693751e-01
  2.63315642e-01  3.03511996e-01  3.69999336e-01 -3.84851713e-01
 -3.29711388e-01  3.76502870e-01  3.67087374e-01 -3.42260742e-01
  3.95919505e-01  4.14980209e-01  5.63541925e-02 -4.73130188e-01
  4.24581545e-01 -3.23277582e-01 -3.55879998e-01  2.38603581e-02
  2.89651171e-01 -1.05413842e-01 -2.04876188e-01 -4.17723876e-01
 -2.19565187e-02  7.15064179e-03 -1.15218646e-01 -4.22153119e-01
 -1.35827118e-01 -2.40993215e-01  3.60161825e-01 -2.17367541e-01
 -5.10396186e-02 -4.61907987e-01 -4.77092865e-01 -3.94094183e-01
  2.43551610e-01 -1.46210536e-01  3.97431559e-01 -3.06883162e-01
 -9.26975300e-02 -5.48164029e-01  6.53451316e-02  1.21057730e-03
  3.78859668e-02  3.45959825e-01 -7.82413352e-02 -3.34673565e-01
  1.77375619e-01 -4.31337788e-01  2.75977365e-01  1.11632379e-01
 -2.18670492e-01  3.44718592e-04 -8.68135191e-02 -4.55469902e-01
 -3.81673473e-02 -1.68405999e-01  2.22190189e-01  1.18663785e-01
  3.29336068e-01 -9.19472717e-02 -1.58392241e-01  1.33414283e-01
  4.14639322e-01 -2.38135869e-01  2.46656936e-01  1.60183026e-02
 -3.04232395e-01 -5.41808919e-01 -3.53777077e-01 -1.15608592e-01
 -3.35989181e-01 -4.31283550e-01 -1.99063023e-01 -1.95759955e-01
  2.02322139e-01  2.09758956e-02  1.86875557e-01  1.47743974e-01
  2.61560869e-01 -3.98204990e-01 -3.98756873e-02 -5.02119798e-01
 -1.01883591e-01 -4.55595158e-01  3.10317755e-01  2.20036749e-01][ 4.10091550e-01 -4.64729483e-01 -2.17082649e-01 -3.36239974e-04
  1.28484996e-01 -3.43112633e-01  4.82603235e-01 -6.37411138e-02
 -4.04430023e-01 -2.23704599e-01  3.23252092e-01  4.56810171e-01
 -4.43476551e-01 -1.97829660e-01 -1.52341590e-01 -1.73907374e-01
  2.51807442e-02 -2.45894986e-01 -3.62396155e-01 -4.28196337e-01
  1.56960853e-01 -1.09625215e-02 -2.36214359e-01  2.59578366e-01
 -4.73610688e-01 -4.09008865e-01 -3.35471359e-01  6.87522878e-02
  1.40986284e-01  6.18387840e-02 -2.30386469e-01  4.91739103e-01
 -4.17749703e-01 -3.97779942e-01 -2.56816764e-01 -1.67239641e-01
  1.26561063e-01 -3.40918318e-01 -4.79275557e-01 -2.44497055e-01
 -2.05812767e-01  1.11120525e-01 -3.59940422e-01  4.44158647e-01
 -3.51334179e-01 -6.78007560e-02 -3.16163468e-02 -7.51951878e-02
 -2.52911273e-01  3.25421509e-01  1.45839010e-01  3.93411574e-01
  3.57028794e-01  3.20947821e-01 -3.48216137e-01  2.72106260e-01
  4.64505813e-01  4.58154783e-02  5.00167972e-01 -1.10862869e-01
 -3.31511269e-02  2.03118994e-01 -1.35104731e-01 -1.95979603e-01
 -3.88483601e-01  4.03837921e-01 -4.71156285e-01  8.94677181e-02
 -8.93474478e-03 -1.12785048e-01  4.77664778e-01 -4.41107458e-01
 -2.39302506e-01 -3.14481915e-01  3.07644054e-01 -6.02958606e-03
  3.00727554e-01  2.19737506e-01 -2.68366633e-01  1.17038043e-01
  3.32970472e-01 -8.23050127e-02  3.78408253e-01  1.41198055e-02
  2.99859380e-01  1.03631119e-01  1.14188904e-01 -2.03662483e-01
 -3.37028479e-01 -1.29521450e-01  2.45954813e-01 -1.61835774e-01
 -4.55415738e-01  1.66736400e-01 -2.36763404e-02 -1.15910810e-01
  4.67465947e-01 -7.06068734e-03  2.41578514e-01 -4.02700032e-01
 -4.54167183e-01  6.15113639e-02  1.15909080e-01 -2.25953401e-01
 -6.74702731e-02 -2.00995229e-01 -2.30802948e-01 -2.97521990e-01
 -4.24993894e-02  4.09052501e-01  1.13569805e-01 -3.94970071e-01
  1.46387775e-01 -3.67763793e-01 -4.65666805e-01 -1.74166680e-01
 -1.73708254e-01 -2.25799803e-01  7.68536037e-02 -1.69319123e-01
 -4.02082162e-01  4.88530882e-01 -2.98264015e-01  8.53343863e-02
  3.22918916e-01  8.99135579e-02 -2.09509525e-01  1.28351475e-01
  2.04518103e-01 -3.82472735e-01 -2.01509050e-01 -4.09244898e-01
 -2.36692583e-01  1.19018719e-01  4.08319427e-01 -4.48539184e-01
 -1.59578416e-01  7.56977202e-02 -4.67323771e-01 -1.98621992e-01
  2.01737580e-01  5.95378068e-02  3.68632328e-01 -3.35922634e-02][-4.19679814e-01  2.45033517e-01  4.47090727e-01  4.10039780e-01
  2.45335243e-02 -2.36293671e-01  3.57490715e-01  4.17236305e-01
  1.34299941e-01 -2.63830298e-01 -4.43959064e-01 -1.35180195e-01
  3.79927463e-01 -4.68936662e-01  3.52217857e-01 -3.85311378e-01
 -8.92404175e-02 -3.14397319e-01 -3.68735568e-01 -1.67203095e-01
  2.11955089e-01  6.78756977e-02 -2.45564193e-01 -3.00791848e-01
  3.12004470e-01 -4.16195263e-01 -3.71643825e-01 -4.07093696e-01
 -3.43867442e-01 -2.15744025e-02  3.09793722e-01  3.25190078e-01
 -1.60884267e-01  9.43328508e-02 -3.95814678e-01  8.19949042e-02
 -4.26094099e-01 -2.50348412e-01 -3.10631975e-01 -1.86075822e-02
  2.53179159e-01 -7.41740421e-02  1.52008796e-01  2.66807048e-01
 -4.05176349e-01  3.70459239e-01  2.55088244e-01 -1.89085925e-01
 -2.50462811e-01 -1.93707779e-01  2.35499521e-01 -2.19540899e-01
  2.18751639e-01 -3.02109830e-01 -8.86848378e-02  3.00812388e-01
  3.87190966e-01  4.04984609e-01 -1.90052862e-01  3.24813174e-01
  2.40006188e-01  3.35504433e-01  2.69777304e-01 -4.94845666e-01
 -2.70272636e-01 -1.33126158e-01 -3.47366559e-01  3.05558883e-01
 -9.93880308e-02  3.36640226e-01  3.59818107e-01 -1.16342074e-01
 -3.96095439e-01 -3.00401019e-01 -1.57714242e-01 -4.69859163e-01
  3.63383073e-01  1.58144619e-01  8.60431669e-02  1.84342880e-01
  1.43525765e-01  1.27106755e-01 -3.89960312e-01  8.29638680e-02
 -2.82780910e-04 -1.46018131e-01 -9.72975838e-02 -2.90034905e-01
 -4.79406243e-02 -4.58837343e-01  4.51020452e-01  1.74403504e-01
 -3.06322177e-01 -1.40967511e-01  4.76551946e-01  2.95263418e-01
  3.36077873e-01  2.33960328e-01  2.91132384e-02  3.17478114e-01
 -1.62239272e-01 -3.49335067e-01  7.61995344e-02 -4.50255289e-01
 -2.28726691e-01  2.00228734e-01 -4.85978625e-01  1.69258217e-01
 -3.33344962e-01  2.78615554e-01  9.79959136e-02 -2.60681670e-01
  4.37977414e-01  1.94583452e-01 -7.20306267e-02  3.36399730e-01
  4.65060724e-01 -3.15883524e-01 -1.62790852e-01 -3.98690070e-01
  2.72337988e-01  3.52502805e-02  3.68433712e-03 -4.29155078e-01
 -3.89494774e-01 -3.87480073e-01 -3.47153352e-01  2.86861079e-05
 -3.44002269e-01 -3.94527067e-01 -5.95591193e-02 -5.96679321e-03
 -1.86768151e-01 -3.18878031e-01 -7.79497023e-02 -2.46004981e-01
 -3.48463719e-01 -1.34892353e-01  4.41951559e-01  2.39576700e-01
 -7.32965201e-02 -3.75333877e-01 -3.88487985e-01  4.00370955e-01]